1.800000071525573730e-01
2.140000015497207642e-01
2.753333449363708496e-01
3.050000071525573730e-01
3.153333365917205811e-01
3.643333315849304199e-01
3.849999904632568359e-01
4.079999923706054688e-01
4.393333196640014648e-01
4.483333230018615723e-01
4.866666793823242188e-01
5.243333578109741211e-01
5.286666750907897949e-01
5.360000133514404297e-01
5.473333597183227539e-01
6.016666889190673828e-01
5.663333535194396973e-01
5.663333535194396973e-01
5.789999961853027344e-01
5.886666774749755859e-01
6.003333330154418945e-01
5.933333039283752441e-01
6.430000066757202148e-01
6.349999904632568359e-01
6.480000019073486328e-01
6.483333110809326172e-01
6.463333368301391602e-01
6.653333306312561035e-01
6.496666669845581055e-01
7.013333439826965332e-01
7.223333120346069336e-01
6.633333563804626465e-01
6.983333230018615723e-01
6.650000214576721191e-01
7.143333554267883301e-01
6.926666498184204102e-01
7.313333153724670410e-01
7.476666569709777832e-01
7.096666693687438965e-01
7.373333573341369629e-01
7.210000157356262207e-01
7.576666474342346191e-01
7.559999823570251465e-01
7.246666550636291504e-01
7.406666874885559082e-01
7.376666665077209473e-01
7.590000033378601074e-01
7.493333220481872559e-01
7.170000076293945312e-01
7.643333077430725098e-01
7.383333444595336914e-01
7.580000162124633789e-01
7.413333058357238770e-01
7.599999904632568359e-01
7.543333172798156738e-01
7.710000276565551758e-01
7.693333625793457031e-01
7.783333063125610352e-01
7.646666765213012695e-01
7.919999957084655762e-01
7.799999713897705078e-01
7.846666574478149414e-01
7.796666622161865234e-01
7.903333306312561035e-01
7.906666398048400879e-01
8.033333420753479004e-01
8.140000104904174805e-01
7.916666865348815918e-01
7.956666946411132812e-01
8.123333454132080078e-01
7.986666560173034668e-01
8.000000119209289551e-01
8.293333053588867188e-01
8.206666707992553711e-01
8.209999799728393555e-01
8.259999752044677734e-01
8.346666693687438965e-01
8.203333616256713867e-01
8.396666646003723145e-01
8.286666870117187500e-01
8.426666855812072754e-01
8.433333039283752441e-01
8.396666646003723145e-01
8.463333249092102051e-01
8.450000286102294922e-01
8.506666421890258789e-01
8.586666584014892578e-01
8.593333363533020020e-01
8.636666536331176758e-01
8.666666746139526367e-01
8.610000014305114746e-01
8.646666407585144043e-01
8.816666603088378906e-01
8.703333139419555664e-01
8.746666908264160156e-01
8.783333301544189453e-01
8.773333430290222168e-01
8.956666588783264160e-01
8.773333430290222168e-01
8.886666893959045410e-01
8.899999856948852539e-01
8.886666893959045410e-01
8.986666798591613770e-01
8.953333497047424316e-01
9.043333530426025391e-01
8.976666927337646484e-01
8.996666669845581055e-01
8.999999761581420898e-01
9.063333272933959961e-01
9.056666493415832520e-01
9.116666913032531738e-01
9.013333320617675781e-01
9.100000262260437012e-01
9.053333401679992676e-01
9.110000133514404297e-01
9.153333306312561035e-01
9.156666398048400879e-01
9.193333387374877930e-01
9.133333563804626465e-01
9.193333387374877930e-01
9.196666479110717773e-01
9.106666445732116699e-01
9.223333597183227539e-01
9.196666479110717773e-01
9.186666607856750488e-01
9.243333339691162109e-01
9.290000200271606445e-01
9.246666431427001953e-01
9.233333468437194824e-01
9.253333210945129395e-01
9.290000200271606445e-01
9.246666431427001953e-01
9.286666512489318848e-01
9.296666383743286133e-01
9.296666383743286133e-01
9.279999732971191406e-01
9.290000200271606445e-01
9.279999732971191406e-01
9.300000071525573730e-01
9.303333163261413574e-01
9.323333501815795898e-01
9.286666512489318848e-01
9.316666722297668457e-01
9.336666464805603027e-01
9.366666674613952637e-01
9.343333244323730469e-01
9.366666674613952637e-01
9.366666674613952637e-01
9.393333196640014648e-01
9.356666803359985352e-01
9.390000104904174805e-01
9.376666545867919922e-01
9.306666851043701172e-01
9.383333325386047363e-01
9.366666674613952637e-01
9.383333325386047363e-01
9.399999976158142090e-01
9.390000104904174805e-01
9.433333277702331543e-01
9.383333325386047363e-01
9.383333325386047363e-01
9.413333535194396973e-01
9.423333406448364258e-01
9.423333406448364258e-01
9.443333148956298828e-01
9.433333277702331543e-01
9.416666626930236816e-01
9.443333148956298828e-01
9.426666498184204102e-01
9.393333196640014648e-01
9.436666369438171387e-01
9.413333535194396973e-01
9.406666755676269531e-01
9.436666369438171387e-01
9.416666626930236816e-01
9.446666836738586426e-01
9.453333616256713867e-01
9.430000185966491699e-01
9.470000267028808594e-01
9.433333277702331543e-01
9.443333148956298828e-01
9.430000185966491699e-01
9.459999799728393555e-01
9.436666369438171387e-01
9.463333487510681152e-01
9.453333616256713867e-01
9.440000057220458984e-01
9.446666836738586426e-01
9.449999928474426270e-01
9.449999928474426270e-01
9.453333616256713867e-01
9.459999799728393555e-01
9.483333230018615723e-01
9.473333358764648438e-01
9.499999880790710449e-01
9.470000267028808594e-01
9.463333487510681152e-01
9.470000267028808594e-01
9.480000138282775879e-01
9.476666450500488281e-01
9.473333358764648438e-01
9.476666450500488281e-01
9.480000138282775879e-01
9.453333616256713867e-01
9.446666836738586426e-01
9.493333101272583008e-01
9.449999928474426270e-01
9.473333358764648438e-01
9.483333230018615723e-01
9.503333568572998047e-01
9.449999928474426270e-01
9.506666660308837891e-01
9.509999752044677734e-01
9.503333568572998047e-01
9.493333101272583008e-01
9.513333439826965332e-01
9.483333230018615723e-01
9.509999752044677734e-01
9.493333101272583008e-01
9.490000009536743164e-01
9.526666402816772461e-01
9.509999752044677734e-01
9.499999880790710449e-01
9.496666789054870605e-01
9.480000138282775879e-01
9.480000138282775879e-01
9.523333311080932617e-01
9.503333568572998047e-01
9.503333568572998047e-01
9.486666917800903320e-01
9.516666531562805176e-01
9.516666531562805176e-01
9.509999752044677734e-01
9.536666870117187500e-01
9.523333311080932617e-01
9.523333311080932617e-01
9.533333182334899902e-01
9.520000219345092773e-01
9.516666531562805176e-01
9.486666917800903320e-01
9.516666531562805176e-01
9.506666660308837891e-01
9.506666660308837891e-01
9.516666531562805176e-01
9.516666531562805176e-01
9.530000090599060059e-01
9.536666870117187500e-01
9.543333053588867188e-01
9.533333182334899902e-01
9.539999961853027344e-01
9.509999752044677734e-01
9.506666660308837891e-01
9.523333311080932617e-01
9.539999961853027344e-01
9.546666741371154785e-01
9.563333392143249512e-01
9.513333439826965332e-01
9.543333053588867188e-01
9.496666789054870605e-01
9.523333311080932617e-01
9.523333311080932617e-01
9.509999752044677734e-01
9.530000090599060059e-01
9.549999833106994629e-01
9.523333311080932617e-01
9.530000090599060059e-01
9.536666870117187500e-01
9.546666741371154785e-01
9.499999880790710449e-01
9.539999961853027344e-01
9.536666870117187500e-01
9.520000219345092773e-01
9.573333263397216797e-01
9.546666741371154785e-01
9.549999833106994629e-01
9.526666402816772461e-01
9.530000090599060059e-01
9.530000090599060059e-01
9.503333568572998047e-01
9.533333182334899902e-01
9.516666531562805176e-01
9.520000219345092773e-01
9.539999961853027344e-01
9.516666531562805176e-01
9.536666870117187500e-01
9.526666402816772461e-01
9.549999833106994629e-01
9.546666741371154785e-01
9.556666612625122070e-01
9.543333053588867188e-01
9.516666531562805176e-01
9.556666612625122070e-01
9.539999961853027344e-01
9.553333520889282227e-01
9.533333182334899902e-01
9.539999961853027344e-01
9.543333053588867188e-01
9.543333053588867188e-01
9.559999704360961914e-01
9.543333053588867188e-01
9.543333053588867188e-01
9.543333053588867188e-01
9.556666612625122070e-01
9.563333392143249512e-01
9.549999833106994629e-01
9.556666612625122070e-01
9.566666483879089355e-01
9.543333053588867188e-01
9.539999961853027344e-01
9.559999704360961914e-01
9.556666612625122070e-01
9.570000171661376953e-01
9.536666870117187500e-01
9.543333053588867188e-01
9.536666870117187500e-01
9.553333520889282227e-01
9.556666612625122070e-01
9.536666870117187500e-01
9.563333392143249512e-01
9.596666693687438965e-01
9.546666741371154785e-01
9.553333520889282227e-01
9.530000090599060059e-01
9.543333053588867188e-01
9.526666402816772461e-01
9.559999704360961914e-01
9.599999785423278809e-01
9.556666612625122070e-01
9.570000171661376953e-01
9.530000090599060059e-01
9.570000171661376953e-01
9.539999961853027344e-01
9.559999704360961914e-01
9.546666741371154785e-01
9.533333182334899902e-01
9.556666612625122070e-01
9.570000171661376953e-01
9.546666741371154785e-01
9.553333520889282227e-01
9.576666951179504395e-01
9.563333392143249512e-01
9.553333520889282227e-01
9.576666951179504395e-01
9.589999914169311523e-01
9.563333392143249512e-01
9.526666402816772461e-01
9.556666612625122070e-01
9.546666741371154785e-01
9.566666483879089355e-01
9.556666612625122070e-01
9.566666483879089355e-01
9.559999704360961914e-01
9.553333520889282227e-01
9.536666870117187500e-01
9.573333263397216797e-01
9.573333263397216797e-01
9.589999914169311523e-01
9.573333263397216797e-01
9.580000042915344238e-01
9.576666951179504395e-01
9.539999961853027344e-01
9.580000042915344238e-01
9.563333392143249512e-01
9.580000042915344238e-01
9.553333520889282227e-01
9.573333263397216797e-01
9.536666870117187500e-01
9.553333520889282227e-01
9.566666483879089355e-01
9.576666951179504395e-01
9.580000042915344238e-01
9.576666951179504395e-01
9.563333392143249512e-01
9.589999914169311523e-01
9.576666951179504395e-01
9.573333263397216797e-01
9.583333134651184082e-01
9.566666483879089355e-01
9.583333134651184082e-01
9.570000171661376953e-01
9.553333520889282227e-01
9.613333344459533691e-01
9.556666612625122070e-01
9.563333392143249512e-01
9.580000042915344238e-01
9.576666951179504395e-01
9.599999785423278809e-01
9.553333520889282227e-01
9.586666822433471680e-01
9.626666903495788574e-01
9.566666483879089355e-01
9.563333392143249512e-01
9.589999914169311523e-01
9.586666822433471680e-01
9.576666951179504395e-01
9.586666822433471680e-01
9.566666483879089355e-01
9.570000171661376953e-01
9.589999914169311523e-01
9.586666822433471680e-01
9.583333134651184082e-01
9.576666951179504395e-01
9.580000042915344238e-01
9.566666483879089355e-01
9.603333473205566406e-01
9.589999914169311523e-01
9.583333134651184082e-01
9.553333520889282227e-01
9.570000171661376953e-01
9.573333263397216797e-01
9.593333601951599121e-01
9.563333392143249512e-01
9.573333263397216797e-01
9.573333263397216797e-01
9.583333134651184082e-01
9.563333392143249512e-01
9.570000171661376953e-01
9.583333134651184082e-01
9.563333392143249512e-01
9.566666483879089355e-01
9.586666822433471680e-01
9.593333601951599121e-01
9.596666693687438965e-01
9.589999914169311523e-01
9.606666564941406250e-01
9.596666693687438965e-01
9.596666693687438965e-01
9.586666822433471680e-01
9.573333263397216797e-01
9.596666693687438965e-01
9.586666822433471680e-01
9.583333134651184082e-01
9.583333134651184082e-01
9.573333263397216797e-01
9.613333344459533691e-01
9.570000171661376953e-01
9.573333263397216797e-01
9.610000252723693848e-01
9.563333392143249512e-01
9.570000171661376953e-01
9.556666612625122070e-01
9.589999914169311523e-01
9.586666822433471680e-01
9.613333344459533691e-01
9.606666564941406250e-01
9.606666564941406250e-01
9.599999785423278809e-01
9.583333134651184082e-01
9.593333601951599121e-01
9.580000042915344238e-01
9.576666951179504395e-01
9.583333134651184082e-01
9.583333134651184082e-01
9.593333601951599121e-01
9.593333601951599121e-01
9.573333263397216797e-01
9.573333263397216797e-01
9.586666822433471680e-01
9.606666564941406250e-01
9.570000171661376953e-01
9.596666693687438965e-01
9.583333134651184082e-01
9.583333134651184082e-01
9.570000171661376953e-01
9.606666564941406250e-01
9.589999914169311523e-01
9.616666436195373535e-01
9.599999785423278809e-01
9.616666436195373535e-01
9.599999785423278809e-01
9.570000171661376953e-01
9.566666483879089355e-01
9.610000252723693848e-01
9.603333473205566406e-01
9.580000042915344238e-01
9.589999914169311523e-01
9.593333601951599121e-01
9.566666483879089355e-01
9.596666693687438965e-01
9.606666564941406250e-01
9.599999785423278809e-01
9.586666822433471680e-01
9.620000123977661133e-01
9.583333134651184082e-01
9.586666822433471680e-01
9.599999785423278809e-01
9.599999785423278809e-01
9.613333344459533691e-01
9.603333473205566406e-01
9.593333601951599121e-01
9.580000042915344238e-01
9.580000042915344238e-01
9.566666483879089355e-01
9.580000042915344238e-01
9.596666693687438965e-01
9.606666564941406250e-01
9.613333344459533691e-01
9.580000042915344238e-01
9.599999785423278809e-01
9.559999704360961914e-01
9.616666436195373535e-01
9.616666436195373535e-01
9.613333344459533691e-01
9.613333344459533691e-01
9.586666822433471680e-01
9.606666564941406250e-01
9.603333473205566406e-01
9.616666436195373535e-01
9.603333473205566406e-01
9.599999785423278809e-01
9.596666693687438965e-01
9.610000252723693848e-01
9.616666436195373535e-01
9.596666693687438965e-01
9.603333473205566406e-01
9.606666564941406250e-01
9.589999914169311523e-01
9.620000123977661133e-01
9.613333344459533691e-01
9.596666693687438965e-01
9.599999785423278809e-01
9.589999914169311523e-01
9.599999785423278809e-01
9.606666564941406250e-01
9.593333601951599121e-01
9.613333344459533691e-01
9.583333134651184082e-01
9.606666564941406250e-01
9.620000123977661133e-01
9.576666951179504395e-01
9.616666436195373535e-01
9.620000123977661133e-01
9.626666903495788574e-01
9.599999785423278809e-01
9.589999914169311523e-01
9.599999785423278809e-01
9.593333601951599121e-01
9.623333215713500977e-01
9.603333473205566406e-01
9.603333473205566406e-01
9.589999914169311523e-01
9.603333473205566406e-01
9.589999914169311523e-01
9.599999785423278809e-01
9.620000123977661133e-01
9.613333344459533691e-01
9.589999914169311523e-01
9.599999785423278809e-01
9.599999785423278809e-01
9.606666564941406250e-01
9.616666436195373535e-01
9.586666822433471680e-01
9.603333473205566406e-01
9.596666693687438965e-01
9.606666564941406250e-01
9.616666436195373535e-01
9.620000123977661133e-01
9.629999995231628418e-01
9.610000252723693848e-01
9.633333086967468262e-01
9.629999995231628418e-01
9.586666822433471680e-01
9.616666436195373535e-01
9.626666903495788574e-01
9.606666564941406250e-01
9.603333473205566406e-01
9.589999914169311523e-01
9.626666903495788574e-01
9.593333601951599121e-01
9.599999785423278809e-01
9.613333344459533691e-01
9.633333086967468262e-01
9.610000252723693848e-01
9.610000252723693848e-01
9.629999995231628418e-01
9.580000042915344238e-01
9.610000252723693848e-01
9.610000252723693848e-01
9.613333344459533691e-01
9.596666693687438965e-01
9.576666951179504395e-01
9.639999866485595703e-01
9.616666436195373535e-01
9.623333215713500977e-01
9.620000123977661133e-01
9.623333215713500977e-01
9.623333215713500977e-01
9.616666436195373535e-01
9.580000042915344238e-01
9.629999995231628418e-01
9.606666564941406250e-01
9.633333086967468262e-01
9.603333473205566406e-01
9.610000252723693848e-01
9.599999785423278809e-01
9.596666693687438965e-01
9.620000123977661133e-01
9.629999995231628418e-01
9.606666564941406250e-01
9.613333344459533691e-01
9.629999995231628418e-01
9.599999785423278809e-01
9.583333134651184082e-01
9.620000123977661133e-01
9.613333344459533691e-01
9.580000042915344238e-01
9.589999914169311523e-01
9.620000123977661133e-01
9.610000252723693848e-01
9.586666822433471680e-01
9.610000252723693848e-01
9.613333344459533691e-01
9.593333601951599121e-01
9.613333344459533691e-01
9.610000252723693848e-01
9.639999866485595703e-01
9.610000252723693848e-01
9.596666693687438965e-01
9.626666903495788574e-01
9.613333344459533691e-01
9.623333215713500977e-01
9.603333473205566406e-01
9.599999785423278809e-01
9.629999995231628418e-01
9.613333344459533691e-01
9.623333215713500977e-01
9.616666436195373535e-01
9.639999866485595703e-01
9.626666903495788574e-01
9.620000123977661133e-01
9.633333086967468262e-01
9.599999785423278809e-01
9.636666774749755859e-01
9.620000123977661133e-01
9.633333086967468262e-01
9.616666436195373535e-01
9.613333344459533691e-01
9.620000123977661133e-01
9.620000123977661133e-01
9.616666436195373535e-01
9.610000252723693848e-01
9.606666564941406250e-01
9.636666774749755859e-01
9.629999995231628418e-01
9.596666693687438965e-01
9.623333215713500977e-01
9.613333344459533691e-01
9.620000123977661133e-01
9.623333215713500977e-01
9.623333215713500977e-01
9.629999995231628418e-01
9.636666774749755859e-01
9.623333215713500977e-01
9.616666436195373535e-01
9.643333554267883301e-01
9.606666564941406250e-01
9.620000123977661133e-01
9.623333215713500977e-01
9.629999995231628418e-01
9.626666903495788574e-01
9.616666436195373535e-01
9.626666903495788574e-01
9.606666564941406250e-01
9.623333215713500977e-01
9.620000123977661133e-01
9.620000123977661133e-01
9.643333554267883301e-01
9.633333086967468262e-01
9.613333344459533691e-01
9.626666903495788574e-01
9.616666436195373535e-01
9.623333215713500977e-01
9.643333554267883301e-01
9.613333344459533691e-01
9.626666903495788574e-01
9.639999866485595703e-01
9.586666822433471680e-01
9.639999866485595703e-01
9.589999914169311523e-01
9.599999785423278809e-01
9.633333086967468262e-01
9.603333473205566406e-01
9.616666436195373535e-01
9.599999785423278809e-01
9.626666903495788574e-01
9.623333215713500977e-01
9.623333215713500977e-01
9.610000252723693848e-01
9.606666564941406250e-01
9.613333344459533691e-01
9.596666693687438965e-01
9.620000123977661133e-01
9.610000252723693848e-01
9.629999995231628418e-01
9.623333215713500977e-01
9.613333344459533691e-01
9.623333215713500977e-01
9.629999995231628418e-01
9.639999866485595703e-01
9.613333344459533691e-01
9.623333215713500977e-01
9.620000123977661133e-01
9.626666903495788574e-01
9.639999866485595703e-01
9.660000205039978027e-01
9.633333086967468262e-01
9.629999995231628418e-01
9.626666903495788574e-01
9.616666436195373535e-01
9.623333215713500977e-01
9.636666774749755859e-01
9.620000123977661133e-01
9.626666903495788574e-01
9.653333425521850586e-01
9.616666436195373535e-01
9.616666436195373535e-01
9.639999866485595703e-01
9.606666564941406250e-01
9.639999866485595703e-01
9.626666903495788574e-01
9.636666774749755859e-01
9.636666774749755859e-01
9.643333554267883301e-01
9.623333215713500977e-01
9.633333086967468262e-01
9.606666564941406250e-01
9.623333215713500977e-01
9.629999995231628418e-01
9.620000123977661133e-01
9.626666903495788574e-01
9.646666646003723145e-01
9.653333425521850586e-01
9.623333215713500977e-01
9.646666646003723145e-01
9.636666774749755859e-01
9.620000123977661133e-01
9.639999866485595703e-01
9.629999995231628418e-01
9.633333086967468262e-01
9.616666436195373535e-01
9.656666517257690430e-01
9.629999995231628418e-01
9.620000123977661133e-01
9.649999737739562988e-01
9.633333086967468262e-01
9.629999995231628418e-01
9.639999866485595703e-01
9.629999995231628418e-01
9.646666646003723145e-01
9.623333215713500977e-01
9.639999866485595703e-01
9.653333425521850586e-01
9.643333554267883301e-01
9.623333215713500977e-01
9.636666774749755859e-01
9.636666774749755859e-01
9.643333554267883301e-01
9.626666903495788574e-01
9.633333086967468262e-01
9.623333215713500977e-01
9.620000123977661133e-01
9.663333296775817871e-01
9.649999737739562988e-01
9.639999866485595703e-01
9.629999995231628418e-01
9.639999866485595703e-01
9.639999866485595703e-01
9.646666646003723145e-01
9.633333086967468262e-01
9.643333554267883301e-01
9.613333344459533691e-01
9.636666774749755859e-01
9.636666774749755859e-01
9.643333554267883301e-01
9.636666774749755859e-01
9.633333086967468262e-01
9.633333086967468262e-01
9.616666436195373535e-01
9.633333086967468262e-01
9.646666646003723145e-01
9.623333215713500977e-01
9.646666646003723145e-01
9.629999995231628418e-01
9.633333086967468262e-01
9.633333086967468262e-01
9.633333086967468262e-01
9.629999995231628418e-01
9.673333168029785156e-01
9.633333086967468262e-01
9.613333344459533691e-01
9.643333554267883301e-01
9.629999995231628418e-01
9.633333086967468262e-01
9.656666517257690430e-01
9.636666774749755859e-01
9.653333425521850586e-01
9.653333425521850586e-01
9.623333215713500977e-01
9.646666646003723145e-01
9.623333215713500977e-01
9.629999995231628418e-01
9.646666646003723145e-01
9.646666646003723145e-01
9.643333554267883301e-01
9.623333215713500977e-01
9.639999866485595703e-01
9.633333086967468262e-01
9.653333425521850586e-01
9.636666774749755859e-01
9.613333344459533691e-01
9.636666774749755859e-01
9.603333473205566406e-01
9.646666646003723145e-01
9.629999995231628418e-01
9.660000205039978027e-01
9.616666436195373535e-01
9.633333086967468262e-01
9.643333554267883301e-01
9.649999737739562988e-01
9.646666646003723145e-01
9.643333554267883301e-01
9.633333086967468262e-01
9.639999866485595703e-01
9.629999995231628418e-01
9.643333554267883301e-01
9.636666774749755859e-01
9.656666517257690430e-01
9.670000076293945312e-01
9.636666774749755859e-01
9.626666903495788574e-01
9.613333344459533691e-01
9.626666903495788574e-01
9.649999737739562988e-01
9.639999866485595703e-01
9.643333554267883301e-01
9.649999737739562988e-01
9.636666774749755859e-01
9.656666517257690430e-01
9.653333425521850586e-01
9.639999866485595703e-01
9.649999737739562988e-01
9.676666855812072754e-01
9.626666903495788574e-01
9.643333554267883301e-01
9.636666774749755859e-01
9.633333086967468262e-01
9.629999995231628418e-01
9.629999995231628418e-01
9.636666774749755859e-01
9.626666903495788574e-01
9.636666774749755859e-01
9.649999737739562988e-01
9.643333554267883301e-01
9.649999737739562988e-01
9.633333086967468262e-01
9.639999866485595703e-01
9.636666774749755859e-01
9.643333554267883301e-01
9.636666774749755859e-01
9.660000205039978027e-01
9.623333215713500977e-01
9.629999995231628418e-01
9.623333215713500977e-01
9.673333168029785156e-01
9.639999866485595703e-01
9.636666774749755859e-01
9.653333425521850586e-01
9.636666774749755859e-01
9.636666774749755859e-01
9.626666903495788574e-01
9.643333554267883301e-01
9.653333425521850586e-01
9.653333425521850586e-01
9.629999995231628418e-01
9.643333554267883301e-01
9.629999995231628418e-01
9.649999737739562988e-01
9.633333086967468262e-01
9.636666774749755859e-01
9.639999866485595703e-01
9.649999737739562988e-01
9.639999866485595703e-01
9.646666646003723145e-01
9.670000076293945312e-01
9.646666646003723145e-01
9.633333086967468262e-01
9.623333215713500977e-01
9.643333554267883301e-01
9.653333425521850586e-01
9.646666646003723145e-01
9.643333554267883301e-01
9.660000205039978027e-01
9.660000205039978027e-01
9.636666774749755859e-01
9.643333554267883301e-01
9.649999737739562988e-01
9.649999737739562988e-01
9.663333296775817871e-01
9.663333296775817871e-01
9.649999737739562988e-01
9.636666774749755859e-01
9.660000205039978027e-01
9.653333425521850586e-01
9.646666646003723145e-01
9.670000076293945312e-01
9.636666774749755859e-01
9.660000205039978027e-01
9.663333296775817871e-01
9.649999737739562988e-01
9.649999737739562988e-01
9.620000123977661133e-01
9.633333086967468262e-01
9.653333425521850586e-01
9.646666646003723145e-01
9.646666646003723145e-01
9.653333425521850586e-01
9.636666774749755859e-01
9.636666774749755859e-01
9.623333215713500977e-01
9.656666517257690430e-01
9.666666388511657715e-01
9.660000205039978027e-01
9.636666774749755859e-01
9.656666517257690430e-01
9.620000123977661133e-01
9.623333215713500977e-01
9.639999866485595703e-01
9.643333554267883301e-01
9.610000252723693848e-01
9.649999737739562988e-01
9.653333425521850586e-01
9.643333554267883301e-01
9.670000076293945312e-01
9.623333215713500977e-01
9.673333168029785156e-01
9.660000205039978027e-01
9.646666646003723145e-01
9.646666646003723145e-01
9.649999737739562988e-01
9.629999995231628418e-01
9.639999866485595703e-01
9.649999737739562988e-01
9.633333086967468262e-01
9.633333086967468262e-01
9.653333425521850586e-01
9.660000205039978027e-01
9.653333425521850586e-01
9.656666517257690430e-01
9.649999737739562988e-01
9.646666646003723145e-01
9.653333425521850586e-01
9.646666646003723145e-01
9.663333296775817871e-01
9.653333425521850586e-01
9.643333554267883301e-01
9.653333425521850586e-01
9.643333554267883301e-01
9.656666517257690430e-01
9.629999995231628418e-01
9.643333554267883301e-01
9.643333554267883301e-01
9.646666646003723145e-01
9.649999737739562988e-01
9.639999866485595703e-01
9.656666517257690430e-01
9.649999737739562988e-01
9.663333296775817871e-01
9.643333554267883301e-01
9.623333215713500977e-01
9.633333086967468262e-01
9.629999995231628418e-01
9.673333168029785156e-01
9.670000076293945312e-01
9.643333554267883301e-01
9.643333554267883301e-01
9.656666517257690430e-01
9.656666517257690430e-01
9.660000205039978027e-01
9.633333086967468262e-01
9.643333554267883301e-01
9.649999737739562988e-01
9.636666774749755859e-01
9.649999737739562988e-01
9.656666517257690430e-01
9.639999866485595703e-01
9.653333425521850586e-01
9.649999737739562988e-01
9.629999995231628418e-01
9.643333554267883301e-01
9.629999995231628418e-01
9.666666388511657715e-01
9.639999866485595703e-01
9.649999737739562988e-01
9.663333296775817871e-01
9.660000205039978027e-01
9.653333425521850586e-01
9.656666517257690430e-01
9.639999866485595703e-01
9.663333296775817871e-01
9.643333554267883301e-01
