1.089999973773956299e-01
1.190000027418136597e-01
1.280000060796737671e-01
1.423333287239074707e-01
1.486666649580001831e-01
1.550000011920928955e-01
1.609999984502792358e-01
1.883333325386047363e-01
1.993333399295806885e-01
2.056666612625122070e-01
2.113333344459533691e-01
2.329999953508377075e-01
2.416666597127914429e-01
2.376666665077209473e-01
2.603333294391632080e-01
2.723333239555358887e-01
2.716666758060455322e-01
2.746666669845581055e-01
2.933333218097686768e-01
2.969999909400939941e-01
3.089999854564666748e-01
3.246666789054870605e-01
3.323333263397216797e-01
3.513333201408386230e-01
3.453333377838134766e-01
3.726666569709777832e-01
3.716666698455810547e-01
3.896666765213012695e-01
3.946666717529296875e-01
4.009999930858612061e-01
4.203333258628845215e-01
4.166666567325592041e-01
4.379999935626983643e-01
4.406666755676269531e-01
4.446666538715362549e-01
4.456666707992553711e-01
4.699999988079071045e-01
4.653333425521850586e-01
4.843333363533020020e-01
4.690000116825103760e-01
5.049999952316284180e-01
5.016666650772094727e-01
5.083333253860473633e-01
5.166666507720947266e-01
5.216666460037231445e-01
5.256666541099548340e-01
5.323333144187927246e-01
5.333333611488342285e-01
5.440000295639038086e-01
5.500000119209289551e-01
5.456666946411132812e-01
5.630000233650207520e-01
5.726666450500488281e-01
5.633333325386047363e-01
5.893333554267883301e-01
5.630000233650207520e-01
5.876666903495788574e-01
5.863333344459533691e-01
6.066666841506958008e-01
5.976666808128356934e-01
6.016666889190673828e-01
6.083333492279052734e-01
6.286666393280029297e-01
6.209999918937683105e-01
6.136666536331176758e-01
6.253333091735839844e-01
6.346666812896728516e-01
6.403333544731140137e-01
6.363333463668823242e-01
6.510000228881835938e-01
6.386666893959045410e-01
6.449999809265136719e-01
6.456666588783264160e-01
6.486666798591613770e-01
6.593333482742309570e-01
6.633333563804626465e-01
6.623333096504211426e-01
6.673333048820495605e-01
6.676666736602783203e-01
6.809999942779541016e-01
6.776666641235351562e-01
6.940000057220458984e-01
6.800000071525573730e-01
6.936666369438171387e-01
6.983333230018615723e-01
6.973333358764648438e-01
6.999999880790710449e-01
6.953333616256713867e-01
7.026666402816772461e-01
7.043333053588867188e-01
7.056666612625122070e-01
7.056666612625122070e-01
7.189999818801879883e-01
7.193333506584167480e-01
7.223333120346069336e-01
7.286666631698608398e-01
7.239999771118164062e-01
7.296666502952575684e-01
7.406666874885559082e-01
7.453333139419555664e-01
7.436666488647460938e-01
7.313333153724670410e-01
7.409999966621398926e-01
7.603333592414855957e-01
7.456666827201843262e-01
7.553333044052124023e-01
7.483333349227905273e-01
7.596666812896728516e-01
7.623333334922790527e-01
7.549999952316284180e-01
7.483333349227905273e-01
7.680000066757202148e-01
7.736666798591613770e-01
7.816666960716247559e-01
7.710000276565551758e-01
7.686666846275329590e-01
7.843333482742309570e-01
7.860000133514404297e-01
7.770000100135803223e-01
7.846666574478149414e-01
7.853333353996276855e-01
7.906666398048400879e-01
7.926666736602783203e-01
8.006666898727416992e-01
8.000000119209289551e-01
7.973333597183227539e-01
8.033333420753479004e-01
7.969999909400939941e-01
8.113333582878112793e-01
8.083333373069763184e-01
8.066666722297668457e-01
8.016666769981384277e-01
8.246666789054870605e-01
8.103333115577697754e-01
8.149999976158142090e-01
8.113333582878112793e-01
8.226666450500488281e-01
8.116666674613952637e-01
8.283333182334899902e-01
8.240000009536743164e-01
8.299999833106994629e-01
8.190000057220458984e-01
8.220000267028808594e-01
8.280000090599060059e-01
8.353333473205566406e-01
8.423333168029785156e-01
8.433333039283752441e-01
8.463333249092102051e-01
8.453333377838134766e-01
8.399999737739562988e-01
8.406666517257690430e-01
8.536666631698608398e-01
8.436666727066040039e-01
8.606666922569274902e-01
8.510000109672546387e-01
8.623333573341369629e-01
8.420000076293945312e-01
8.486666679382324219e-01
8.676666617393493652e-01
8.603333234786987305e-01
8.596666455268859863e-01
8.750000000000000000e-01
8.656666874885559082e-01
8.756666779518127441e-01
8.656666874885559082e-01
8.656666874885559082e-01
8.813333511352539062e-01
8.700000047683715820e-01
8.756666779518127441e-01
8.809999823570251465e-01
8.896666765213012695e-01
8.899999856948852539e-01
8.949999809265136719e-01
8.930000066757202148e-01
8.873333334922790527e-01
8.953333497047424316e-01
8.916666507720947266e-01
8.949999809265136719e-01
8.966666460037231445e-01
8.996666669845581055e-01
8.983333110809326172e-01
8.943333625793457031e-01
9.060000181198120117e-01
8.966666460037231445e-01
9.006666541099548340e-01
9.053333401679992676e-01
9.079999923706054688e-01
8.999999761581420898e-01
9.070000052452087402e-01
9.173333048820495605e-01
9.093333482742309570e-01
9.150000214576721191e-01
9.236666560173034668e-01
9.169999957084655762e-01
9.176666736602783203e-01
9.300000071525573730e-01
9.216666817665100098e-01
9.266666769981384277e-01
9.129999876022338867e-01
9.200000166893005371e-01
9.273333549499511719e-01
9.259999990463256836e-01
9.309999942779541016e-01
9.336666464805603027e-01
9.309999942779541016e-01
9.399999976158142090e-01
9.313333630561828613e-01
9.380000233650207520e-01
9.346666932106018066e-01
9.253333210945129395e-01
9.326666593551635742e-01
9.430000185966491699e-01
9.436666369438171387e-01
9.443333148956298828e-01
9.263333082199096680e-01
9.356666803359985352e-01
9.353333115577697754e-01
9.453333616256713867e-01
9.473333358764648438e-01
9.423333406448364258e-01
9.386666417121887207e-01
9.486666917800903320e-01
9.369999766349792480e-01
9.483333230018615723e-01
9.470000267028808594e-01
9.566666483879089355e-01
9.596666693687438965e-01
9.433333277702331543e-01
9.383333325386047363e-01
9.570000171661376953e-01
9.520000219345092773e-01
9.443333148956298828e-01
9.503333568572998047e-01
9.513333439826965332e-01
9.576666951179504395e-01
9.616666436195373535e-01
9.606666564941406250e-01
9.563333392143249512e-01
9.636666774749755859e-01
9.589999914169311523e-01
9.583333134651184082e-01
9.576666951179504395e-01
9.606666564941406250e-01
9.606666564941406250e-01
9.679999947547912598e-01
9.633333086967468262e-01
9.646666646003723145e-01
9.566666483879089355e-01
9.696666598320007324e-01
9.633333086967468262e-01
9.610000252723693848e-01
9.633333086967468262e-01
9.700000286102294922e-01
9.720000028610229492e-01
9.599999785423278809e-01
9.636666774749755859e-01
9.689999818801879883e-01
9.683333039283752441e-01
9.656666517257690430e-01
9.753333330154418945e-01
9.729999899864196777e-01
9.706666469573974609e-01
9.670000076293945312e-01
9.643333554267883301e-01
9.700000286102294922e-01
9.700000286102294922e-01
9.649999737739562988e-01
9.599999785423278809e-01
9.720000028610229492e-01
9.703333377838134766e-01
9.736666679382324219e-01
9.796666502952575684e-01
9.756666421890258789e-01
9.729999899864196777e-01
9.743333458900451660e-01
9.789999723434448242e-01
9.743333458900451660e-01
9.783333539962768555e-01
9.769999980926513672e-01
9.779999852180480957e-01
9.779999852180480957e-01
9.739999771118164062e-01
9.700000286102294922e-01
9.756666421890258789e-01
9.703333377838134766e-01
9.743333458900451660e-01
9.779999852180480957e-01
9.779999852180480957e-01
9.793333411216735840e-01
9.806666374206542969e-01
9.763333201408386230e-01
9.739999771118164062e-01
9.683333039283752441e-01
9.706666469573974609e-01
9.810000061988830566e-01
9.789999723434448242e-01
9.819999933242797852e-01
9.829999804496765137e-01
9.823333621025085449e-01
9.763333201408386230e-01
9.816666841506958008e-01
9.819999933242797852e-01
9.836666584014892578e-01
9.826666712760925293e-01
9.840000271797180176e-01
9.856666922569274902e-01
9.826666712760925293e-01
9.833333492279052734e-01
9.819999933242797852e-01
9.826666712760925293e-01
9.829999804496765137e-01
9.743333458900451660e-01
9.553333520889282227e-01
9.856666922569274902e-01
9.850000143051147461e-01
9.853333234786987305e-01
9.869999885559082031e-01
9.856666922569274902e-01
9.866666793823242188e-01
9.823333621025085449e-01
9.860000014305114746e-01
9.846666455268859863e-01
9.836666584014892578e-01
9.866666793823242188e-01
9.846666455268859863e-01
9.829999804496765137e-01
9.863333106040954590e-01
9.866666793823242188e-01
9.829999804496765137e-01
9.786666631698608398e-01
9.633333086967468262e-01
9.896666407585144043e-01
9.893333315849304199e-01
9.913333058357238770e-01
9.860000014305114746e-01
9.883333444595336914e-01
9.876666665077209473e-01
9.903333187103271484e-01
9.873333573341369629e-01
9.813333153724670410e-01
9.683333039283752441e-01
9.890000224113464355e-01
9.893333315849304199e-01
9.893333315849304199e-01
9.876666665077209473e-01
9.879999756813049316e-01
9.903333187103271484e-01
9.913333058357238770e-01
9.923333525657653809e-01
9.909999966621398926e-01
9.900000095367431641e-01
9.906666874885559082e-01
9.893333315849304199e-01
9.886666536331176758e-01
9.896666407585144043e-01
9.520000219345092773e-01
9.806666374206542969e-01
9.923333525657653809e-01
9.923333525657653809e-01
9.926666617393493652e-01
9.929999709129333496e-01
9.933333396911621094e-01
9.903333187103271484e-01
9.860000014305114746e-01
9.950000047683715820e-01
9.916666746139526367e-01
9.936666488647460938e-01
9.903333187103271484e-01
9.936666488647460938e-01
9.929999709129333496e-01
9.926666617393493652e-01
9.890000224113464355e-01
9.943333268165588379e-01
9.943333268165588379e-01
9.940000176429748535e-01
9.943333268165588379e-01
9.936666488647460938e-01
9.916666746139526367e-01
9.923333525657653809e-01
9.943333268165588379e-01
9.350000023841857910e-01
9.403333067893981934e-01
9.953333139419555664e-01
9.953333139419555664e-01
9.963333606719970703e-01
9.946666955947875977e-01
9.966666698455810547e-01
9.966666698455810547e-01
9.913333058357238770e-01
9.963333606719970703e-01
9.950000047683715820e-01
9.926666617393493652e-01
9.956666827201843262e-01
9.926666617393493652e-01
9.933333396911621094e-01
9.959999918937683105e-01
9.953333139419555664e-01
9.959999918937683105e-01
9.946666955947875977e-01
9.916666746139526367e-01
9.959999918937683105e-01
9.959999918937683105e-01
9.959999918937683105e-01
9.953333139419555664e-01
9.953333139419555664e-01
9.936666488647460938e-01
9.953333139419555664e-01
9.940000176429748535e-01
9.969999790191650391e-01
9.946666955947875977e-01
9.969999790191650391e-01
9.969999790191650391e-01
9.980000257492065430e-01
9.473333358764648438e-01
9.393333196640014648e-01
9.953333139419555664e-01
9.966666698455810547e-01
9.983333349227905273e-01
9.956666827201843262e-01
9.990000128746032715e-01
9.976666569709777832e-01
9.973333477973937988e-01
9.976666569709777832e-01
9.959999918937683105e-01
9.980000257492065430e-01
9.983333349227905273e-01
9.966666698455810547e-01
9.959999918937683105e-01
9.983333349227905273e-01
9.976666569709777832e-01
9.976666569709777832e-01
9.983333349227905273e-01
9.976666569709777832e-01
9.976666569709777832e-01
9.980000257492065430e-01
9.986666440963745117e-01
9.983333349227905273e-01
9.966666698455810547e-01
9.990000128746032715e-01
9.973333477973937988e-01
9.236666560173034668e-01
9.933333396911621094e-01
9.993333220481872559e-01
9.983333349227905273e-01
9.980000257492065430e-01
9.993333220481872559e-01
9.993333220481872559e-01
9.986666440963745117e-01
9.976666569709777832e-01
9.983333349227905273e-01
9.973333477973937988e-01
9.973333477973937988e-01
9.993333220481872559e-01
9.990000128746032715e-01
9.983333349227905273e-01
9.990000128746032715e-01
9.983333349227905273e-01
9.980000257492065430e-01
9.963333606719970703e-01
9.986666440963745117e-01
9.959999918937683105e-01
9.943333268165588379e-01
9.980000257492065430e-01
9.966666698455810547e-01
9.973333477973937988e-01
9.819999933242797852e-01
9.993333220481872559e-01
9.990000128746032715e-01
9.986666440963745117e-01
9.986666440963745117e-01
9.993333220481872559e-01
9.993333220481872559e-01
9.993333220481872559e-01
9.966666698455810547e-01
9.969999790191650391e-01
9.980000257492065430e-01
9.413333535194396973e-01
9.923333525657653809e-01
1.000000000000000000e+00
9.993333220481872559e-01
9.993333220481872559e-01
1.000000000000000000e+00
1.000000000000000000e+00
9.990000128746032715e-01
9.993333220481872559e-01
9.996666908264160156e-01
1.000000000000000000e+00
9.996666908264160156e-01
9.993333220481872559e-01
9.990000128746032715e-01
9.996666908264160156e-01
9.986666440963745117e-01
9.993333220481872559e-01
9.993333220481872559e-01
9.993333220481872559e-01
1.000000000000000000e+00
9.996666908264160156e-01
9.996666908264160156e-01
9.973333477973937988e-01
9.993333220481872559e-01
1.000000000000000000e+00
9.993333220481872559e-01
9.980000257492065430e-01
9.376666545867919922e-01
9.996666908264160156e-01
9.996666908264160156e-01
1.000000000000000000e+00
1.000000000000000000e+00
1.000000000000000000e+00
1.000000000000000000e+00
1.000000000000000000e+00
1.000000000000000000e+00
1.000000000000000000e+00
9.996666908264160156e-01
9.996666908264160156e-01
9.990000128746032715e-01
9.996666908264160156e-01
1.000000000000000000e+00
1.000000000000000000e+00
9.993333220481872559e-01
1.000000000000000000e+00
1.000000000000000000e+00
9.990000128746032715e-01
9.993333220481872559e-01
9.973333477973937988e-01
9.990000128746032715e-01
1.000000000000000000e+00
9.996666908264160156e-01
9.993333220481872559e-01
9.990000128746032715e-01
1.000000000000000000e+00
9.769999980926513672e-01
9.853333234786987305e-01
1.000000000000000000e+00
1.000000000000000000e+00
1.000000000000000000e+00
1.000000000000000000e+00
1.000000000000000000e+00
1.000000000000000000e+00
1.000000000000000000e+00
1.000000000000000000e+00
9.996666908264160156e-01
1.000000000000000000e+00
1.000000000000000000e+00
1.000000000000000000e+00
1.000000000000000000e+00
1.000000000000000000e+00
1.000000000000000000e+00
9.996666908264160156e-01
1.000000000000000000e+00
1.000000000000000000e+00
1.000000000000000000e+00
1.000000000000000000e+00
1.000000000000000000e+00
9.996666908264160156e-01
1.000000000000000000e+00
9.686666727066040039e-01
9.906666874885559082e-01
1.000000000000000000e+00
1.000000000000000000e+00
1.000000000000000000e+00
1.000000000000000000e+00
1.000000000000000000e+00
1.000000000000000000e+00
1.000000000000000000e+00
1.000000000000000000e+00
1.000000000000000000e+00
1.000000000000000000e+00
1.000000000000000000e+00
1.000000000000000000e+00
1.000000000000000000e+00
1.000000000000000000e+00
1.000000000000000000e+00
9.996666908264160156e-01
9.986666440963745117e-01
9.996666908264160156e-01
1.000000000000000000e+00
1.000000000000000000e+00
9.993333220481872559e-01
1.000000000000000000e+00
1.000000000000000000e+00
1.000000000000000000e+00
1.000000000000000000e+00
1.000000000000000000e+00
1.000000000000000000e+00
8.809999823570251465e-01
9.903333187103271484e-01
1.000000000000000000e+00
1.000000000000000000e+00
1.000000000000000000e+00
1.000000000000000000e+00
1.000000000000000000e+00
1.000000000000000000e+00
1.000000000000000000e+00
1.000000000000000000e+00
1.000000000000000000e+00
1.000000000000000000e+00
1.000000000000000000e+00
1.000000000000000000e+00
1.000000000000000000e+00
1.000000000000000000e+00
1.000000000000000000e+00
1.000000000000000000e+00
1.000000000000000000e+00
1.000000000000000000e+00
1.000000000000000000e+00
1.000000000000000000e+00
1.000000000000000000e+00
1.000000000000000000e+00
1.000000000000000000e+00
1.000000000000000000e+00
1.000000000000000000e+00
1.000000000000000000e+00
1.000000000000000000e+00
1.000000000000000000e+00
1.000000000000000000e+00
1.000000000000000000e+00
1.000000000000000000e+00
1.000000000000000000e+00
9.996666908264160156e-01
1.000000000000000000e+00
1.000000000000000000e+00
1.000000000000000000e+00
9.986666440963745117e-01
9.716666936874389648e-01
8.826666474342346191e-01
1.000000000000000000e+00
1.000000000000000000e+00
1.000000000000000000e+00
1.000000000000000000e+00
1.000000000000000000e+00
1.000000000000000000e+00
1.000000000000000000e+00
1.000000000000000000e+00
1.000000000000000000e+00
1.000000000000000000e+00
1.000000000000000000e+00
1.000000000000000000e+00
1.000000000000000000e+00
1.000000000000000000e+00
1.000000000000000000e+00
1.000000000000000000e+00
1.000000000000000000e+00
1.000000000000000000e+00
1.000000000000000000e+00
1.000000000000000000e+00
1.000000000000000000e+00
1.000000000000000000e+00
1.000000000000000000e+00
1.000000000000000000e+00
1.000000000000000000e+00
1.000000000000000000e+00
1.000000000000000000e+00
1.000000000000000000e+00
1.000000000000000000e+00
1.000000000000000000e+00
1.000000000000000000e+00
1.000000000000000000e+00
1.000000000000000000e+00
1.000000000000000000e+00
1.000000000000000000e+00
1.000000000000000000e+00
1.000000000000000000e+00
1.000000000000000000e+00
1.000000000000000000e+00
1.000000000000000000e+00
1.000000000000000000e+00
1.000000000000000000e+00
9.963333606719970703e-01
8.966666460037231445e-01
1.000000000000000000e+00
1.000000000000000000e+00
1.000000000000000000e+00
1.000000000000000000e+00
1.000000000000000000e+00
1.000000000000000000e+00
1.000000000000000000e+00
1.000000000000000000e+00
1.000000000000000000e+00
1.000000000000000000e+00
1.000000000000000000e+00
1.000000000000000000e+00
1.000000000000000000e+00
1.000000000000000000e+00
1.000000000000000000e+00
1.000000000000000000e+00
1.000000000000000000e+00
1.000000000000000000e+00
1.000000000000000000e+00
1.000000000000000000e+00
1.000000000000000000e+00
1.000000000000000000e+00
1.000000000000000000e+00
1.000000000000000000e+00
1.000000000000000000e+00
1.000000000000000000e+00
1.000000000000000000e+00
1.000000000000000000e+00
1.000000000000000000e+00
1.000000000000000000e+00
1.000000000000000000e+00
1.000000000000000000e+00
1.000000000000000000e+00
1.000000000000000000e+00
1.000000000000000000e+00
1.000000000000000000e+00
9.996666908264160156e-01
1.000000000000000000e+00
1.000000000000000000e+00
1.000000000000000000e+00
1.000000000000000000e+00
1.000000000000000000e+00
1.000000000000000000e+00
9.986666440963745117e-01
9.156666398048400879e-01
1.000000000000000000e+00
1.000000000000000000e+00
1.000000000000000000e+00
1.000000000000000000e+00
1.000000000000000000e+00
1.000000000000000000e+00
1.000000000000000000e+00
1.000000000000000000e+00
1.000000000000000000e+00
1.000000000000000000e+00
1.000000000000000000e+00
1.000000000000000000e+00
1.000000000000000000e+00
1.000000000000000000e+00
1.000000000000000000e+00
1.000000000000000000e+00
1.000000000000000000e+00
1.000000000000000000e+00
1.000000000000000000e+00
1.000000000000000000e+00
1.000000000000000000e+00
1.000000000000000000e+00
1.000000000000000000e+00
1.000000000000000000e+00
1.000000000000000000e+00
1.000000000000000000e+00
1.000000000000000000e+00
1.000000000000000000e+00
1.000000000000000000e+00
1.000000000000000000e+00
1.000000000000000000e+00
1.000000000000000000e+00
1.000000000000000000e+00
1.000000000000000000e+00
1.000000000000000000e+00
1.000000000000000000e+00
1.000000000000000000e+00
1.000000000000000000e+00
1.000000000000000000e+00
1.000000000000000000e+00
1.000000000000000000e+00
1.000000000000000000e+00
9.953333139419555664e-01
9.356666803359985352e-01
1.000000000000000000e+00
1.000000000000000000e+00
1.000000000000000000e+00
1.000000000000000000e+00
1.000000000000000000e+00
1.000000000000000000e+00
1.000000000000000000e+00
1.000000000000000000e+00
1.000000000000000000e+00
1.000000000000000000e+00
1.000000000000000000e+00
1.000000000000000000e+00
1.000000000000000000e+00
1.000000000000000000e+00
1.000000000000000000e+00
1.000000000000000000e+00
1.000000000000000000e+00
1.000000000000000000e+00
1.000000000000000000e+00
1.000000000000000000e+00
1.000000000000000000e+00
1.000000000000000000e+00
1.000000000000000000e+00
1.000000000000000000e+00
1.000000000000000000e+00
1.000000000000000000e+00
1.000000000000000000e+00
1.000000000000000000e+00
1.000000000000000000e+00
1.000000000000000000e+00
1.000000000000000000e+00
1.000000000000000000e+00
1.000000000000000000e+00
1.000000000000000000e+00
1.000000000000000000e+00
1.000000000000000000e+00
1.000000000000000000e+00
1.000000000000000000e+00
1.000000000000000000e+00
1.000000000000000000e+00
1.000000000000000000e+00
1.000000000000000000e+00
1.000000000000000000e+00
1.000000000000000000e+00
1.000000000000000000e+00
1.000000000000000000e+00
1.000000000000000000e+00
9.793333411216735840e-01
9.203333258628845215e-01
9.789999723434448242e-01
1.000000000000000000e+00
1.000000000000000000e+00
1.000000000000000000e+00
1.000000000000000000e+00
1.000000000000000000e+00
1.000000000000000000e+00
1.000000000000000000e+00
1.000000000000000000e+00
1.000000000000000000e+00
1.000000000000000000e+00
1.000000000000000000e+00
1.000000000000000000e+00
1.000000000000000000e+00
1.000000000000000000e+00
1.000000000000000000e+00
1.000000000000000000e+00
1.000000000000000000e+00
1.000000000000000000e+00
1.000000000000000000e+00
1.000000000000000000e+00
1.000000000000000000e+00
1.000000000000000000e+00
1.000000000000000000e+00
1.000000000000000000e+00
1.000000000000000000e+00
1.000000000000000000e+00
1.000000000000000000e+00
1.000000000000000000e+00
1.000000000000000000e+00
1.000000000000000000e+00
1.000000000000000000e+00
1.000000000000000000e+00
1.000000000000000000e+00
1.000000000000000000e+00
1.000000000000000000e+00
1.000000000000000000e+00
1.000000000000000000e+00
1.000000000000000000e+00
1.000000000000000000e+00
1.000000000000000000e+00
1.000000000000000000e+00
1.000000000000000000e+00
1.000000000000000000e+00
1.000000000000000000e+00
1.000000000000000000e+00
1.000000000000000000e+00
1.000000000000000000e+00
9.993333220481872559e-01
9.016666412353515625e-01
1.000000000000000000e+00
1.000000000000000000e+00
1.000000000000000000e+00
1.000000000000000000e+00
1.000000000000000000e+00
1.000000000000000000e+00
1.000000000000000000e+00
1.000000000000000000e+00
1.000000000000000000e+00
1.000000000000000000e+00
1.000000000000000000e+00
1.000000000000000000e+00
1.000000000000000000e+00
1.000000000000000000e+00
1.000000000000000000e+00
1.000000000000000000e+00
1.000000000000000000e+00
1.000000000000000000e+00
1.000000000000000000e+00
1.000000000000000000e+00
1.000000000000000000e+00
1.000000000000000000e+00
1.000000000000000000e+00
1.000000000000000000e+00
1.000000000000000000e+00
1.000000000000000000e+00
1.000000000000000000e+00
1.000000000000000000e+00
1.000000000000000000e+00
1.000000000000000000e+00
1.000000000000000000e+00
1.000000000000000000e+00
1.000000000000000000e+00
1.000000000000000000e+00
1.000000000000000000e+00
1.000000000000000000e+00
1.000000000000000000e+00
1.000000000000000000e+00
1.000000000000000000e+00
1.000000000000000000e+00
1.000000000000000000e+00
1.000000000000000000e+00
1.000000000000000000e+00
1.000000000000000000e+00
1.000000000000000000e+00
1.000000000000000000e+00
1.000000000000000000e+00
1.000000000000000000e+00
1.000000000000000000e+00
1.000000000000000000e+00
1.000000000000000000e+00
1.000000000000000000e+00
1.000000000000000000e+00
1.000000000000000000e+00
1.000000000000000000e+00
1.000000000000000000e+00
1.000000000000000000e+00
1.000000000000000000e+00
1.000000000000000000e+00
1.000000000000000000e+00
9.096666574478149414e-01
9.993333220481872559e-01
1.000000000000000000e+00
1.000000000000000000e+00
1.000000000000000000e+00
1.000000000000000000e+00
1.000000000000000000e+00
1.000000000000000000e+00
1.000000000000000000e+00
1.000000000000000000e+00
1.000000000000000000e+00
1.000000000000000000e+00
1.000000000000000000e+00
1.000000000000000000e+00
1.000000000000000000e+00
1.000000000000000000e+00
1.000000000000000000e+00
1.000000000000000000e+00
1.000000000000000000e+00
1.000000000000000000e+00
1.000000000000000000e+00
1.000000000000000000e+00
1.000000000000000000e+00
1.000000000000000000e+00
1.000000000000000000e+00
1.000000000000000000e+00
1.000000000000000000e+00
1.000000000000000000e+00
1.000000000000000000e+00
1.000000000000000000e+00
1.000000000000000000e+00
1.000000000000000000e+00
1.000000000000000000e+00
1.000000000000000000e+00
1.000000000000000000e+00
1.000000000000000000e+00
1.000000000000000000e+00
1.000000000000000000e+00
1.000000000000000000e+00
1.000000000000000000e+00
1.000000000000000000e+00
1.000000000000000000e+00
1.000000000000000000e+00
1.000000000000000000e+00
1.000000000000000000e+00
1.000000000000000000e+00
1.000000000000000000e+00
1.000000000000000000e+00
1.000000000000000000e+00
1.000000000000000000e+00
1.000000000000000000e+00
1.000000000000000000e+00
1.000000000000000000e+00
1.000000000000000000e+00
1.000000000000000000e+00
1.000000000000000000e+00
1.000000000000000000e+00
1.000000000000000000e+00
1.000000000000000000e+00
1.000000000000000000e+00
1.000000000000000000e+00
1.000000000000000000e+00
1.000000000000000000e+00
1.000000000000000000e+00
1.000000000000000000e+00
9.643333554267883301e-01
9.366666674613952637e-01
1.000000000000000000e+00
1.000000000000000000e+00
1.000000000000000000e+00
1.000000000000000000e+00
1.000000000000000000e+00
1.000000000000000000e+00
1.000000000000000000e+00
1.000000000000000000e+00
1.000000000000000000e+00
1.000000000000000000e+00
1.000000000000000000e+00
1.000000000000000000e+00
1.000000000000000000e+00
1.000000000000000000e+00
1.000000000000000000e+00
