1.183333322405815125e-01
1.216666698455810547e-01
1.026666685938835144e-01
1.369999945163726807e-01
1.539999991655349731e-01
1.386666595935821533e-01
1.593333333730697632e-01
1.580000072717666626e-01
1.996666640043258667e-01
1.816666722297668457e-01
1.906666606664657593e-01
2.196666598320007324e-01
1.743333339691162109e-01
2.126666605472564697e-01
2.273333370685577393e-01
2.826666533946990967e-01
2.189999967813491821e-01
2.303333282470703125e-01
2.963333427906036377e-01
2.409999966621398926e-01
2.906666696071624756e-01
2.899999916553497314e-01
2.396666705608367920e-01
3.033333420753479004e-01
3.336666524410247803e-01
3.096666634082794189e-01
3.313333392143249512e-01
3.670000135898590088e-01
3.353333473205566406e-01
3.273333311080932617e-01
3.770000040531158447e-01
3.706666529178619385e-01
3.790000081062316895e-01
3.810000121593475342e-01
3.700000047683715820e-01
3.943333327770233154e-01
3.720000088214874268e-01
3.950000107288360596e-01
4.263333380222320557e-01
3.923333287239074707e-01
4.026666581630706787e-01
4.616666734218597412e-01
4.203333258628845215e-01
4.346666634082794189e-01
4.546666741371154785e-01
4.869999885559082031e-01
4.403333365917205811e-01
4.926666617393493652e-01
4.856666624546051025e-01
4.923333227634429932e-01
5.329999923706054688e-01
5.223333239555358887e-01
5.749999880790710449e-01
5.436666607856750488e-01
5.260000228881835938e-01
5.720000267028808594e-01
5.153333544731140137e-01
5.386666655540466309e-01
5.529999732971191406e-01
5.333333611488342285e-01
5.839999914169311523e-01
5.600000023841857910e-01
5.770000219345092773e-01
5.746666789054870605e-01
6.000000238418579102e-01
5.803333520889282227e-01
5.996666550636291504e-01
5.963333249092102051e-01
5.780000090599060059e-01
5.893333554267883301e-01
5.973333120346069336e-01
6.063333153724670410e-01
5.873333215713500977e-01
6.063333153724670410e-01
6.066666841506958008e-01
6.273333430290222168e-01
6.213333606719970703e-01
6.079999804496765137e-01
6.126666665077209473e-01
6.116666793823242188e-01
6.253333091735839844e-01
6.200000047683715820e-01
6.463333368301391602e-01
6.129999756813049316e-01
6.563333272933959961e-01
6.316666603088378906e-01
6.513333320617675781e-01
6.370000243186950684e-01
6.333333253860473633e-01
6.473333239555358887e-01
6.536666750907897949e-01
6.466666460037231445e-01
6.453333497047424316e-01
6.486666798591613770e-01
6.696666479110717773e-01
6.579999923706054688e-01
6.663333177566528320e-01
6.486666798591613770e-01
6.646666526794433594e-01
6.700000166893005371e-01
6.676666736602783203e-01
6.683333516120910645e-01
6.726666688919067383e-01
6.866666674613952637e-01
6.743333339691162109e-01
6.809999942779541016e-01
6.850000023841857910e-01
6.809999942779541016e-01
6.913333535194396973e-01
6.890000104904174805e-01
6.823333501815795898e-01
6.863333582878112793e-01
6.869999766349792480e-01
6.953333616256713867e-01
7.030000090599060059e-01
6.886666417121887207e-01
6.909999847412109375e-01
6.986666917800903320e-01
7.036666870117187500e-01
6.966666579246520996e-01
7.009999752044677734e-01
6.946666836738586426e-01
7.063333392143249512e-01
6.993333101272583008e-01
7.039999961853027344e-01
7.083333134651184082e-01
7.093333601951599121e-01
7.123333215713500977e-01
7.053333520889282227e-01
7.110000252723693848e-01
7.160000205039978027e-01
7.146666646003723145e-01
7.166666388511657715e-01
7.210000157356262207e-01
7.233333587646484375e-01
7.176666855812072754e-01
7.203333377838134766e-01
7.156666517257690430e-01
7.200000286102294922e-01
7.176666855812072754e-01
7.260000109672546387e-01
7.193333506584167480e-01
7.296666502952575684e-01
7.319999933242797852e-01
7.293333411216735840e-01
7.293333411216735840e-01
7.263333201408386230e-01
7.306666374206542969e-01
7.343333363533020020e-01
7.343333363533020020e-01
7.310000061988830566e-01
7.350000143051147461e-01
7.323333621025085449e-01
7.340000271797180176e-01
7.366666793823242188e-01
7.369999885559082031e-01
7.329999804496765137e-01
7.433333396911621094e-01
7.413333058357238770e-01
7.393333315849304199e-01
7.429999709129333496e-01
7.419999837875366211e-01
7.419999837875366211e-01
7.480000257492065430e-01
7.463333606719970703e-01
7.466666698455810547e-01
7.466666698455810547e-01
7.473333477973937988e-01
7.413333058357238770e-01
7.493333220481872559e-01
7.486666440963745117e-01
7.553333044052124023e-01
7.496666908264160156e-01
7.530000209808349609e-01
7.463333606719970703e-01
7.553333044052124023e-01
7.546666860580444336e-01
7.580000162124633789e-01
7.570000290870666504e-01
7.570000290870666504e-01
7.573333382606506348e-01
7.566666603088378906e-01
7.590000033378601074e-01
7.613333463668823242e-01
7.623333334922790527e-01
7.626666426658630371e-01
7.620000243186950684e-01
7.623333334922790527e-01
7.620000243186950684e-01
7.653333544731140137e-01
7.643333077430725098e-01
7.630000114440917969e-01
7.689999938011169434e-01
7.703333497047424316e-01
7.653333544731140137e-01
7.703333497047424316e-01
7.713333368301391602e-01
7.746666669845581055e-01
7.683333158493041992e-01
7.706666588783264160e-01
7.799999713897705078e-01
7.766666412353515625e-01
7.723333239555358887e-01
7.743333578109741211e-01
7.776666879653930664e-01
7.816666960716247559e-01
7.789999842643737793e-01
7.770000100135803223e-01
7.833333611488342285e-01
7.786666750907897949e-01
7.786666750907897949e-01
7.820000052452087402e-01
7.876666784286499023e-01
7.843333482742309570e-01
7.863333225250244141e-01
7.810000181198120117e-01
7.860000133514404297e-01
7.853333353996276855e-01
7.856666445732116699e-01
7.853333353996276855e-01
7.906666398048400879e-01
7.893333435058593750e-01
7.929999828338623047e-01
7.916666865348815918e-01
7.926666736602783203e-01
7.940000295639038086e-01
7.960000038146972656e-01
7.940000295639038086e-01
7.933333516120910645e-01
7.973333597183227539e-01
7.953333258628845215e-01
7.960000038146972656e-01
7.969999909400939941e-01
7.996666431427001953e-01
7.979999780654907227e-01
7.943333387374877930e-01
8.000000119209289551e-01
8.016666769981384277e-01
8.029999732971191406e-01
8.016666769981384277e-01
7.993333339691162109e-01
7.960000038146972656e-01
8.029999732971191406e-01
8.006666898727416992e-01
8.029999732971191406e-01
8.040000200271606445e-01
8.063333630561828613e-01
8.009999990463256836e-01
8.126666545867919922e-01
8.076666593551635742e-01
8.053333163261413574e-01
8.036666512489318848e-01
8.086666464805603027e-01
8.130000233650207520e-01
8.096666932106018066e-01
8.100000023841857910e-01
8.073333501815795898e-01
8.136666417121887207e-01
8.146666884422302246e-01
8.156666755676269531e-01
8.156666755676269531e-01
8.156666755676269531e-01
8.163333535194396973e-01
8.163333535194396973e-01
8.149999976158142090e-01
8.180000185966491699e-01
8.156666755676269531e-01
8.166666626930236816e-01
8.190000057220458984e-01
8.203333616256713867e-01
8.186666369438171387e-01
8.240000009536743164e-01
8.226666450500488281e-01
8.240000009536743164e-01
8.240000009536743164e-01
8.236666917800903320e-01
8.270000219345092773e-01
8.273333311080932617e-01
8.213333487510681152e-01
8.216666579246520996e-01
8.256666660308837891e-01
8.230000138282775879e-01
8.249999880790710449e-01
8.259999752044677734e-01
8.276666402816772461e-01
8.249999880790710449e-01
8.273333311080932617e-01
8.289999961853027344e-01
8.263333439826965332e-01
8.286666870117187500e-01
8.280000090599060059e-01
8.320000171661376953e-01
8.330000042915344238e-01
8.296666741371154785e-01
8.306666612625122070e-01
8.349999785423278809e-01
8.313333392143249512e-01
8.389999866485595703e-01
8.366666436195373535e-01
8.370000123977661133e-01
8.370000123977661133e-01
8.373333215713500977e-01
8.386666774749755859e-01
8.393333554267883301e-01
8.379999995231628418e-01
8.379999995231628418e-01
8.383333086967468262e-01
8.443333506584167480e-01
8.426666855812072754e-01
8.399999737739562988e-01
8.420000076293945312e-01
8.460000157356262207e-01
8.429999947547912598e-01
8.399999737739562988e-01
8.416666388511657715e-01
8.433333039283752441e-01
8.423333168029785156e-01
8.463333249092102051e-01
8.466666936874389648e-01
8.496666550636291504e-01
8.466666936874389648e-01
8.439999818801879883e-01
8.476666808128356934e-01
8.450000286102294922e-01
8.493333458900451660e-01
8.436666727066040039e-01
8.489999771118164062e-01
8.436666727066040039e-01
8.473333120346069336e-01
8.489999771118164062e-01
8.476666808128356934e-01
8.513333201408386230e-01
8.510000109672546387e-01
8.523333072662353516e-01
8.503333330154418945e-01
8.566666841506958008e-01
8.573333621025085449e-01
8.546666502952575684e-01
8.546666502952575684e-01
8.566666841506958008e-01
8.533333539962768555e-01
8.563333153724670410e-01
8.590000271797180176e-01
8.556666374206542969e-01
8.566666841506958008e-01
8.569999933242797852e-01
8.546666502952575684e-01
8.573333621025085449e-01
8.539999723434448242e-01
8.583333492279052734e-01
8.569999933242797852e-01
8.563333153724670410e-01
8.573333621025085449e-01
8.583333492279052734e-01
8.563333153724670410e-01
8.610000014305114746e-01
8.576666712760925293e-01
8.603333234786987305e-01
8.610000014305114746e-01
8.603333234786987305e-01
8.603333234786987305e-01
8.646666407585144043e-01
8.636666536331176758e-01
8.616666793823242188e-01
8.646666407585144043e-01
8.643333315849304199e-01
8.616666793823242188e-01
8.593333363533020020e-01
8.616666793823242188e-01
8.636666536331176758e-01
8.643333315849304199e-01
8.653333187103271484e-01
8.656666874885559082e-01
8.666666746139526367e-01
8.633333444595336914e-01
8.686666488647460938e-01
8.650000095367431641e-01
8.643333315849304199e-01
8.653333187103271484e-01
8.663333058357238770e-01
8.676666617393493652e-01
8.666666746139526367e-01
8.669999837875366211e-01
8.663333058357238770e-01
8.690000176429748535e-01
8.706666827201843262e-01
8.656666874885559082e-01
8.736666440963745117e-01
8.656666874885559082e-01
8.706666827201843262e-01
8.726666569709777832e-01
8.716666698455810547e-01
8.740000128746032715e-01
8.706666827201843262e-01
8.716666698455810547e-01
8.730000257492065430e-01
8.740000128746032715e-01
8.696666955947875977e-01
8.709999918937683105e-01
8.733333349227905273e-01
8.743333220481872559e-01
8.780000209808349609e-01
8.726666569709777832e-01
8.700000047683715820e-01
8.750000000000000000e-01
8.750000000000000000e-01
8.743333220481872559e-01
8.740000128746032715e-01
8.723333477973937988e-01
8.730000257492065430e-01
8.753333091735839844e-01
8.743333220481872559e-01
8.790000081062316895e-01
8.753333091735839844e-01
8.763333559036254883e-01
8.763333559036254883e-01
8.763333559036254883e-01
8.826666474342346191e-01
8.746666908264160156e-01
8.766666650772094727e-01
8.746666908264160156e-01
8.769999742507934570e-01
8.759999871253967285e-01
8.806666731834411621e-01
8.799999952316284180e-01
8.796666860580444336e-01
8.766666650772094727e-01
8.790000081062316895e-01
8.793333172798156738e-01
8.790000081062316895e-01
8.796666860580444336e-01
8.830000162124633789e-01
8.863333463668823242e-01
8.806666731834411621e-01
8.803333044052124023e-01
8.759999871253967285e-01
8.816666603088378906e-01
8.796666860580444336e-01
8.820000290870666504e-01
8.799999952316284180e-01
8.836666941642761230e-01
8.773333430290222168e-01
8.773333430290222168e-01
8.823333382606506348e-01
8.813333511352539062e-01
8.836666941642761230e-01
8.836666941642761230e-01
8.830000162124633789e-01
8.856666684150695801e-01
8.843333125114440918e-01
8.836666941642761230e-01
8.843333125114440918e-01
8.836666941642761230e-01
8.840000033378601074e-01
8.816666603088378906e-01
8.836666941642761230e-01
8.873333334922790527e-01
8.840000033378601074e-01
8.823333382606506348e-01
8.830000162124633789e-01
8.843333125114440918e-01
8.826666474342346191e-01
8.859999775886535645e-01
8.846666812896728516e-01
8.846666812896728516e-01
8.830000162124633789e-01
8.896666765213012695e-01
8.903333544731140137e-01
8.880000114440917969e-01
8.870000243186950684e-01
8.896666765213012695e-01
8.846666812896728516e-01
8.870000243186950684e-01
8.863333463668823242e-01
8.833333253860473633e-01
8.926666378974914551e-01
8.846666812896728516e-01
8.873333334922790527e-01
8.873333334922790527e-01
8.873333334922790527e-01
8.906666636466979980e-01
8.923333287239074707e-01
8.880000114440917969e-01
8.893333077430725098e-01
8.896666765213012695e-01
8.913333415985107422e-01
8.880000114440917969e-01
8.876666426658630371e-01
8.913333415985107422e-01
8.883333206176757812e-01
8.913333415985107422e-01
8.870000243186950684e-01
8.936666846275329590e-01
8.870000243186950684e-01
8.916666507720947266e-01
8.889999985694885254e-01
8.916666507720947266e-01
8.896666765213012695e-01
8.856666684150695801e-01
8.930000066757202148e-01
8.913333415985107422e-01
8.930000066757202148e-01
8.926666378974914551e-01
8.920000195503234863e-01
8.926666378974914551e-01
8.909999728202819824e-01
8.903333544731140137e-01
8.923333287239074707e-01
8.896666765213012695e-01
8.970000147819519043e-01
8.943333625793457031e-01
8.913333415985107422e-01
8.920000195503234863e-01
8.936666846275329590e-01
8.946666717529296875e-01
8.926666378974914551e-01
8.939999938011169434e-01
8.916666507720947266e-01
8.913333415985107422e-01
8.946666717529296875e-01
8.956666588783264160e-01
8.970000147819519043e-01
8.973333239555358887e-01
8.949999809265136719e-01
8.943333625793457031e-01
8.920000195503234863e-01
8.930000066757202148e-01
8.970000147819519043e-01
8.906666636466979980e-01
8.933333158493041992e-01
8.989999890327453613e-01
8.966666460037231445e-01
8.956666588783264160e-01
8.989999890327453613e-01
8.933333158493041992e-01
8.970000147819519043e-01
8.943333625793457031e-01
8.966666460037231445e-01
8.989999890327453613e-01
8.946666717529296875e-01
8.980000019073486328e-01
8.926666378974914551e-01
8.973333239555358887e-01
8.966666460037231445e-01
8.949999809265136719e-01
8.960000276565551758e-01
8.976666927337646484e-01
8.999999761581420898e-01
8.970000147819519043e-01
8.956666588783264160e-01
8.986666798591613770e-01
8.980000019073486328e-01
8.986666798591613770e-01
8.976666927337646484e-01
8.970000147819519043e-01
8.956666588783264160e-01
8.946666717529296875e-01
8.966666460037231445e-01
8.993333578109741211e-01
9.016666412353515625e-01
8.976666927337646484e-01
8.996666669845581055e-01
9.020000100135803223e-01
9.023333191871643066e-01
9.006666541099548340e-01
8.976666927337646484e-01
8.986666798591613770e-01
8.993333578109741211e-01
8.989999890327453613e-01
8.996666669845581055e-01
8.999999761581420898e-01
8.996666669845581055e-01
8.973333239555358887e-01
9.033333063125610352e-01
9.013333320617675781e-01
8.999999761581420898e-01
9.010000228881835938e-01
8.993333578109741211e-01
9.036666750907897949e-01
8.989999890327453613e-01
8.986666798591613770e-01
9.016666412353515625e-01
9.006666541099548340e-01
9.013333320617675781e-01
8.980000019073486328e-01
9.049999713897705078e-01
9.026666879653930664e-01
9.029999971389770508e-01
9.036666750907897949e-01
9.026666879653930664e-01
9.036666750907897949e-01
9.033333063125610352e-01
9.043333530426025391e-01
9.003333449363708496e-01
9.023333191871643066e-01
9.029999971389770508e-01
9.029999971389770508e-01
9.010000228881835938e-01
9.029999971389770508e-01
9.013333320617675781e-01
9.046666622161865234e-01
8.996666669845581055e-01
9.053333401679992676e-01
9.036666750907897949e-01
9.049999713897705078e-01
9.036666750907897949e-01
9.036666750907897949e-01
9.043333530426025391e-01
9.029999971389770508e-01
9.070000052452087402e-01
9.033333063125610352e-01
9.063333272933959961e-01
9.029999971389770508e-01
9.026666879653930664e-01
9.083333611488342285e-01
9.043333530426025391e-01
9.039999842643737793e-01
9.073333144187927246e-01
8.999999761581420898e-01
9.073333144187927246e-01
9.053333401679992676e-01
9.063333272933959961e-01
9.083333611488342285e-01
9.066666960716247559e-01
9.079999923706054688e-01
9.026666879653930664e-01
9.066666960716247559e-01
9.060000181198120117e-01
9.093333482742309570e-01
9.029999971389770508e-01
9.076666831970214844e-01
9.056666493415832520e-01
9.073333144187927246e-01
9.033333063125610352e-01
9.063333272933959961e-01
9.053333401679992676e-01
9.093333482742309570e-01
9.043333530426025391e-01
9.079999923706054688e-01
9.033333063125610352e-01
9.060000181198120117e-01
9.049999713897705078e-01
9.079999923706054688e-01
9.103333353996276855e-01
9.079999923706054688e-01
9.110000133514404297e-01
9.086666703224182129e-01
9.123333096504211426e-01
9.093333482742309570e-01
9.056666493415832520e-01
9.076666831970214844e-01
9.073333144187927246e-01
9.106666445732116699e-01
9.060000181198120117e-01
9.150000214576721191e-01
9.066666960716247559e-01
9.086666703224182129e-01
9.093333482742309570e-01
9.133333563804626465e-01
9.093333482742309570e-01
9.089999794960021973e-01
9.120000004768371582e-01
9.100000262260437012e-01
9.073333144187927246e-01
9.126666784286499023e-01
9.129999876022338867e-01
9.106666445732116699e-01
9.089999794960021973e-01
9.129999876022338867e-01
9.093333482742309570e-01
9.120000004768371582e-01
9.083333611488342285e-01
9.120000004768371582e-01
9.063333272933959961e-01
9.060000181198120117e-01
9.093333482742309570e-01
9.103333353996276855e-01
9.123333096504211426e-01
9.120000004768371582e-01
9.160000085830688477e-01
9.129999876022338867e-01
9.096666574478149414e-01
9.126666784286499023e-01
9.076666831970214844e-01
9.126666784286499023e-01
9.100000262260437012e-01
9.123333096504211426e-01
9.150000214576721191e-01
9.143333435058593750e-01
9.100000262260437012e-01
9.139999747276306152e-01
9.150000214576721191e-01
9.150000214576721191e-01
9.139999747276306152e-01
9.116666913032531738e-01
9.139999747276306152e-01
9.116666913032531738e-01
9.126666784286499023e-01
9.146666526794433594e-01
9.116666913032531738e-01
9.126666784286499023e-01
9.150000214576721191e-01
9.123333096504211426e-01
9.129999876022338867e-01
9.129999876022338867e-01
9.113333225250244141e-01
9.133333563804626465e-01
9.179999828338623047e-01
9.106666445732116699e-01
9.123333096504211426e-01
9.156666398048400879e-01
9.143333435058593750e-01
9.196666479110717773e-01
9.103333353996276855e-01
9.166666865348815918e-01
9.106666445732116699e-01
9.153333306312561035e-01
9.169999957084655762e-01
9.163333177566528320e-01
9.150000214576721191e-01
9.190000295639038086e-01
9.176666736602783203e-01
9.156666398048400879e-01
9.146666526794433594e-01
9.156666398048400879e-01
9.153333306312561035e-01
9.143333435058593750e-01
9.213333129882812500e-01
9.146666526794433594e-01
9.160000085830688477e-01
9.179999828338623047e-01
9.153333306312561035e-01
9.183333516120910645e-01
9.176666736602783203e-01
9.186666607856750488e-01
9.186666607856750488e-01
9.203333258628845215e-01
9.169999957084655762e-01
9.156666398048400879e-01
9.153333306312561035e-01
9.166666865348815918e-01
9.116666913032531738e-01
9.146666526794433594e-01
9.169999957084655762e-01
9.160000085830688477e-01
9.153333306312561035e-01
9.203333258628845215e-01
9.196666479110717773e-01
9.176666736602783203e-01
9.153333306312561035e-01
9.206666946411132812e-01
9.190000295639038086e-01
9.193333387374877930e-01
9.153333306312561035e-01
9.129999876022338867e-01
9.196666479110717773e-01
9.206666946411132812e-01
9.183333516120910645e-01
9.196666479110717773e-01
9.190000295639038086e-01
9.203333258628845215e-01
9.173333048820495605e-01
9.183333516120910645e-01
9.206666946411132812e-01
9.176666736602783203e-01
9.183333516120910645e-01
9.200000166893005371e-01
9.186666607856750488e-01
9.213333129882812500e-01
9.210000038146972656e-01
9.179999828338623047e-01
9.203333258628845215e-01
9.129999876022338867e-01
9.236666560173034668e-01
9.226666688919067383e-01
9.213333129882812500e-01
9.166666865348815918e-01
9.179999828338623047e-01
9.213333129882812500e-01
9.236666560173034668e-01
9.206666946411132812e-01
9.200000166893005371e-01
9.216666817665100098e-01
9.229999780654907227e-01
9.226666688919067383e-01
9.200000166893005371e-01
9.206666946411132812e-01
9.243333339691162109e-01
9.229999780654907227e-01
9.190000295639038086e-01
9.233333468437194824e-01
9.213333129882812500e-01
9.266666769981384277e-01
9.236666560173034668e-01
9.246666431427001953e-01
9.253333210945129395e-01
9.226666688919067383e-01
9.213333129882812500e-01
9.259999990463256836e-01
9.210000038146972656e-01
9.229999780654907227e-01
9.210000038146972656e-01
9.196666479110717773e-01
9.206666946411132812e-01
9.233333468437194824e-01
9.250000119209289551e-01
9.216666817665100098e-01
9.203333258628845215e-01
9.223333597183227539e-01
9.229999780654907227e-01
9.223333597183227539e-01
9.210000038146972656e-01
9.229999780654907227e-01
9.259999990463256836e-01
9.283333420753479004e-01
9.216666817665100098e-01
9.253333210945129395e-01
9.269999861717224121e-01
9.226666688919067383e-01
9.266666769981384277e-01
9.243333339691162109e-01
9.216666817665100098e-01
9.219999909400939941e-01
9.273333549499511719e-01
9.253333210945129395e-01
9.226666688919067383e-01
9.223333597183227539e-01
9.226666688919067383e-01
9.246666431427001953e-01
9.256666898727416992e-01
9.229999780654907227e-01
9.250000119209289551e-01
9.253333210945129395e-01
9.256666898727416992e-01
9.259999990463256836e-01
9.276666641235351562e-01
9.243333339691162109e-01
9.236666560173034668e-01
9.253333210945129395e-01
9.256666898727416992e-01
9.210000038146972656e-01
9.246666431427001953e-01
9.253333210945129395e-01
9.246666431427001953e-01
9.263333082199096680e-01
9.276666641235351562e-01
9.259999990463256836e-01
9.283333420753479004e-01
9.269999861717224121e-01
9.243333339691162109e-01
9.250000119209289551e-01
9.279999732971191406e-01
9.273333549499511719e-01
9.269999861717224121e-01
9.253333210945129395e-01
9.229999780654907227e-01
9.263333082199096680e-01
9.286666512489318848e-01
9.283333420753479004e-01
9.279999732971191406e-01
9.266666769981384277e-01
9.290000200271606445e-01
9.269999861717224121e-01
9.309999942779541016e-01
9.240000247955322266e-01
9.246666431427001953e-01
9.313333630561828613e-01
9.269999861717224121e-01
9.286666512489318848e-01
9.266666769981384277e-01
9.296666383743286133e-01
9.243333339691162109e-01
9.309999942779541016e-01
9.290000200271606445e-01
9.296666383743286133e-01
9.273333549499511719e-01
9.293333292007446289e-01
9.256666898727416992e-01
9.269999861717224121e-01
9.266666769981384277e-01
9.290000200271606445e-01
9.256666898727416992e-01
9.286666512489318848e-01
9.303333163261413574e-01
9.286666512489318848e-01
9.316666722297668457e-01
9.300000071525573730e-01
9.293333292007446289e-01
9.256666898727416992e-01
9.286666512489318848e-01
9.290000200271606445e-01
9.266666769981384277e-01
9.296666383743286133e-01
9.273333549499511719e-01
9.283333420753479004e-01
9.319999814033508301e-01
9.309999942779541016e-01
9.293333292007446289e-01
9.296666383743286133e-01
9.306666851043701172e-01
9.306666851043701172e-01
9.259999990463256836e-01
9.306666851043701172e-01
9.283333420753479004e-01
9.326666593551635742e-01
9.293333292007446289e-01
9.300000071525573730e-01
9.276666641235351562e-01
9.286666512489318848e-01
9.276666641235351562e-01
9.293333292007446289e-01
9.340000152587890625e-01
9.266666769981384277e-01
9.276666641235351562e-01
9.276666641235351562e-01
9.296666383743286133e-01
9.319999814033508301e-01
9.296666383743286133e-01
9.296666383743286133e-01
9.290000200271606445e-01
9.300000071525573730e-01
9.319999814033508301e-01
9.303333163261413574e-01
9.300000071525573730e-01
9.290000200271606445e-01
9.296666383743286133e-01
9.293333292007446289e-01
9.286666512489318848e-01
9.303333163261413574e-01
9.313333630561828613e-01
9.293333292007446289e-01
9.290000200271606445e-01
9.286666512489318848e-01
9.303333163261413574e-01
9.316666722297668457e-01
9.296666383743286133e-01
9.273333549499511719e-01
9.303333163261413574e-01
9.336666464805603027e-01
9.273333549499511719e-01
9.319999814033508301e-01
9.283333420753479004e-01
9.319999814033508301e-01
9.309999942779541016e-01
9.323333501815795898e-01
9.300000071525573730e-01
9.326666593551635742e-01
9.300000071525573730e-01
9.333333373069763184e-01
9.343333244323730469e-01
9.340000152587890625e-01
9.313333630561828613e-01
9.306666851043701172e-01
9.319999814033508301e-01
9.266666769981384277e-01
9.303333163261413574e-01
9.330000281333923340e-01
9.290000200271606445e-01
9.303333163261413574e-01
9.316666722297668457e-01
9.319999814033508301e-01
9.303333163261413574e-01
9.283333420753479004e-01
9.336666464805603027e-01
9.323333501815795898e-01
9.333333373069763184e-01
9.333333373069763184e-01
9.319999814033508301e-01
9.333333373069763184e-01
9.356666803359985352e-01
9.290000200271606445e-01
9.340000152587890625e-01
9.330000281333923340e-01
9.306666851043701172e-01
9.296666383743286133e-01
9.350000023841857910e-01
9.343333244323730469e-01
9.313333630561828613e-01
9.340000152587890625e-01
9.343333244323730469e-01
9.340000152587890625e-01
9.296666383743286133e-01
9.309999942779541016e-01
9.323333501815795898e-01
9.333333373069763184e-01
9.326666593551635742e-01
9.313333630561828613e-01
9.269999861717224121e-01
9.346666932106018066e-01
9.323333501815795898e-01
9.316666722297668457e-01
9.306666851043701172e-01
9.350000023841857910e-01
9.303333163261413574e-01
9.336666464805603027e-01
9.333333373069763184e-01
9.356666803359985352e-01
9.336666464805603027e-01
9.326666593551635742e-01
9.300000071525573730e-01
