1.003333330154418945e-01
9.866666793823242188e-02
1.246666684746742249e-01
1.289999932050704956e-01
1.386666595935821533e-01
1.669999957084655762e-01
1.603333353996276855e-01
1.536666601896286011e-01
2.006666660308837891e-01
2.383333295583724976e-01
1.743333339691162109e-01
2.476666718721389771e-01
2.479999959468841553e-01
2.753333449363708496e-01
2.230000048875808716e-01
3.653333187103271484e-01
2.903333306312561035e-01
2.980000078678131104e-01
3.516666591167449951e-01
4.056666791439056396e-01
4.070000052452087402e-01
3.670000135898590088e-01
3.919999897480010986e-01
4.693333208560943604e-01
4.199999868869781494e-01
5.159999728202819824e-01
4.226666688919067383e-01
4.596666693687438965e-01
4.946666657924652100e-01
5.176666378974914551e-01
5.230000019073486328e-01
5.076666474342346191e-01
4.883333444595336914e-01
5.699999928474426270e-01
5.669999718666076660e-01
6.323333382606506348e-01
6.366666555404663086e-01
5.856666564941406250e-01
6.309999823570251465e-01
6.079999804496765137e-01
6.639999747276306152e-01
6.146666407585144043e-01
7.116666436195373535e-01
6.620000004768371582e-01
7.229999899864196777e-01
6.933333277702331543e-01
7.239999771118164062e-01
7.220000028610229492e-01
7.310000061988830566e-01
7.516666650772094727e-01
7.850000262260437012e-01
7.580000162124633789e-01
8.046666383743286133e-01
8.299999833106994629e-01
7.703333497047424316e-01
8.296666741371154785e-01
8.013333082199096680e-01
8.253333568572998047e-01
8.429999947547912598e-01
8.456666469573974609e-01
8.606666922569274902e-01
8.636666536331176758e-01
8.843333125114440918e-01
8.420000076293945312e-01
8.886666893959045410e-01
8.840000033378601074e-01
8.709999918937683105e-01
8.753333091735839844e-01
8.970000147819519043e-01
8.930000066757202148e-01
8.899999856948852539e-01
8.816666603088378906e-01
8.889999985694885254e-01
8.973333239555358887e-01
9.113333225250244141e-01
8.949999809265136719e-01
8.840000033378601074e-01
9.133333563804626465e-01
9.103333353996276855e-01
9.160000085830688477e-01
9.166666865348815918e-01
9.243333339691162109e-01
9.120000004768371582e-01
9.283333420753479004e-01
9.216666817665100098e-01
9.273333549499511719e-01
9.160000085830688477e-01
9.246666431427001953e-01
9.133333563804626465e-01
9.259999990463256836e-01
9.263333082199096680e-01
9.276666641235351562e-01
9.206666946411132812e-01
9.253333210945129395e-01
9.333333373069763184e-01
9.300000071525573730e-01
9.290000200271606445e-01
9.306666851043701172e-01
9.296666383743286133e-01
9.286666512489318848e-01
9.343333244323730469e-01
9.250000119209289551e-01
9.340000152587890625e-01
9.266666769981384277e-01
9.340000152587890625e-01
9.380000233650207520e-01
9.390000104904174805e-01
9.313333630561828613e-01
9.336666464805603027e-01
9.336666464805603027e-01
9.396666884422302246e-01
9.333333373069763184e-01
9.343333244323730469e-01
9.363333582878112793e-01
9.366666674613952637e-01
9.373333454132080078e-01
9.350000023841857910e-01
9.376666545867919922e-01
9.390000104904174805e-01
9.366666674613952637e-01
9.396666884422302246e-01
9.430000185966491699e-01
9.413333535194396973e-01
9.373333454132080078e-01
9.409999847412109375e-01
9.396666884422302246e-01
9.433333277702331543e-01
9.399999976158142090e-01
9.403333067893981934e-01
9.403333067893981934e-01
9.409999847412109375e-01
9.430000185966491699e-01
9.409999847412109375e-01
9.413333535194396973e-01
9.426666498184204102e-01
9.436666369438171387e-01
9.446666836738586426e-01
9.443333148956298828e-01
9.459999799728393555e-01
9.430000185966491699e-01
9.453333616256713867e-01
9.449999928474426270e-01
9.443333148956298828e-01
9.426666498184204102e-01
9.476666450500488281e-01
9.466666579246520996e-01
9.493333101272583008e-01
9.456666707992553711e-01
9.490000009536743164e-01
9.506666660308837891e-01
9.496666789054870605e-01
9.473333358764648438e-01
9.493333101272583008e-01
9.523333311080932617e-01
9.539999961853027344e-01
9.509999752044677734e-01
9.516666531562805176e-01
9.536666870117187500e-01
9.530000090599060059e-01
9.546666741371154785e-01
9.539999961853027344e-01
9.516666531562805176e-01
9.553333520889282227e-01
9.576666951179504395e-01
9.559999704360961914e-01
9.563333392143249512e-01
9.589999914169311523e-01
9.576666951179504395e-01
9.613333344459533691e-01
9.596666693687438965e-01
9.546666741371154785e-01
9.596666693687438965e-01
9.603333473205566406e-01
9.599999785423278809e-01
9.613333344459533691e-01
9.613333344459533691e-01
9.646666646003723145e-01
9.636666774749755859e-01
9.633333086967468262e-01
9.670000076293945312e-01
9.620000123977661133e-01
9.649999737739562988e-01
9.626666903495788574e-01
9.676666855812072754e-01
9.696666598320007324e-01
9.683333039283752441e-01
9.683333039283752441e-01
9.666666388511657715e-01
9.710000157356262207e-01
9.686666727066040039e-01
9.689999818801879883e-01
9.726666808128356934e-01
9.693333506584167480e-01
9.713333249092102051e-01
9.703333377838134766e-01
9.736666679382324219e-01
9.720000028610229492e-01
9.743333458900451660e-01
9.729999899864196777e-01
9.750000238418579102e-01
9.746666550636291504e-01
9.750000238418579102e-01
9.743333458900451660e-01
9.766666889190673828e-01
9.763333201408386230e-01
9.750000238418579102e-01
9.760000109672546387e-01
9.783333539962768555e-01
9.779999852180480957e-01
9.769999980926513672e-01
9.779999852180480957e-01
9.750000238418579102e-01
9.789999723434448242e-01
9.786666631698608398e-01
9.796666502952575684e-01
9.786666631698608398e-01
9.810000061988830566e-01
9.803333282470703125e-01
9.793333411216735840e-01
9.786666631698608398e-01
9.813333153724670410e-01
9.816666841506958008e-01
9.813333153724670410e-01
9.823333621025085449e-01
9.816666841506958008e-01
9.816666841506958008e-01
9.813333153724670410e-01
9.826666712760925293e-01
9.813333153724670410e-01
9.810000061988830566e-01
9.819999933242797852e-01
9.813333153724670410e-01
9.833333492279052734e-01
9.833333492279052734e-01
9.826666712760925293e-01
9.823333621025085449e-01
9.829999804496765137e-01
9.833333492279052734e-01
9.826666712760925293e-01
9.833333492279052734e-01
9.833333492279052734e-01
9.853333234786987305e-01
9.860000014305114746e-01
9.853333234786987305e-01
9.823333621025085449e-01
9.853333234786987305e-01
9.863333106040954590e-01
9.860000014305114746e-01
9.823333621025085449e-01
9.860000014305114746e-01
9.866666793823242188e-01
9.853333234786987305e-01
9.869999885559082031e-01
9.866666793823242188e-01
9.866666793823242188e-01
9.873333573341369629e-01
9.863333106040954590e-01
9.873333573341369629e-01
9.866666793823242188e-01
9.873333573341369629e-01
9.873333573341369629e-01
9.879999756813049316e-01
9.863333106040954590e-01
9.903333187103271484e-01
9.879999756813049316e-01
9.879999756813049316e-01
9.876666665077209473e-01
9.900000095367431641e-01
9.890000224113464355e-01
9.883333444595336914e-01
9.886666536331176758e-01
9.900000095367431641e-01
9.893333315849304199e-01
9.903333187103271484e-01
9.890000224113464355e-01
9.883333444595336914e-01
9.893333315849304199e-01
9.913333058357238770e-01
9.890000224113464355e-01
9.890000224113464355e-01
9.900000095367431641e-01
9.896666407585144043e-01
9.890000224113464355e-01
9.893333315849304199e-01
9.906666874885559082e-01
9.916666746139526367e-01
9.903333187103271484e-01
9.926666617393493652e-01
9.913333058357238770e-01
9.906666874885559082e-01
9.916666746139526367e-01
9.923333525657653809e-01
9.906666874885559082e-01
9.903333187103271484e-01
9.916666746139526367e-01
9.926666617393493652e-01
9.909999966621398926e-01
9.906666874885559082e-01
9.916666746139526367e-01
9.919999837875366211e-01
9.916666746139526367e-01
9.916666746139526367e-01
9.926666617393493652e-01
9.916666746139526367e-01
9.909999966621398926e-01
9.933333396911621094e-01
9.923333525657653809e-01
9.913333058357238770e-01
9.940000176429748535e-01
9.926666617393493652e-01
9.919999837875366211e-01
9.936666488647460938e-01
9.926666617393493652e-01
9.919999837875366211e-01
9.923333525657653809e-01
9.916666746139526367e-01
9.926666617393493652e-01
9.916666746139526367e-01
9.929999709129333496e-01
9.940000176429748535e-01
9.929999709129333496e-01
9.933333396911621094e-01
9.933333396911621094e-01
9.936666488647460938e-01
9.933333396911621094e-01
9.926666617393493652e-01
9.929999709129333496e-01
9.940000176429748535e-01
9.929999709129333496e-01
9.929999709129333496e-01
9.929999709129333496e-01
9.936666488647460938e-01
9.926666617393493652e-01
9.943333268165588379e-01
9.929999709129333496e-01
9.933333396911621094e-01
9.940000176429748535e-01
9.933333396911621094e-01
9.936666488647460938e-01
9.933333396911621094e-01
9.936666488647460938e-01
9.946666955947875977e-01
9.936666488647460938e-01
9.940000176429748535e-01
9.940000176429748535e-01
9.936666488647460938e-01
9.940000176429748535e-01
9.926666617393493652e-01
9.940000176429748535e-01
9.946666955947875977e-01
9.946666955947875977e-01
9.936666488647460938e-01
9.936666488647460938e-01
9.946666955947875977e-01
9.940000176429748535e-01
9.936666488647460938e-01
9.946666955947875977e-01
9.940000176429748535e-01
9.940000176429748535e-01
9.933333396911621094e-01
9.940000176429748535e-01
9.950000047683715820e-01
9.946666955947875977e-01
9.936666488647460938e-01
9.943333268165588379e-01
9.940000176429748535e-01
9.950000047683715820e-01
9.946666955947875977e-01
9.956666827201843262e-01
9.933333396911621094e-01
9.936666488647460938e-01
9.946666955947875977e-01
9.933333396911621094e-01
9.959999918937683105e-01
9.953333139419555664e-01
9.946666955947875977e-01
9.933333396911621094e-01
9.950000047683715820e-01
9.946666955947875977e-01
9.936666488647460938e-01
9.950000047683715820e-01
9.943333268165588379e-01
9.943333268165588379e-01
9.946666955947875977e-01
9.940000176429748535e-01
9.946666955947875977e-01
9.946666955947875977e-01
9.953333139419555664e-01
9.950000047683715820e-01
9.950000047683715820e-01
9.950000047683715820e-01
9.956666827201843262e-01
9.959999918937683105e-01
9.940000176429748535e-01
9.943333268165588379e-01
9.946666955947875977e-01
9.946666955947875977e-01
9.946666955947875977e-01
9.950000047683715820e-01
9.943333268165588379e-01
9.950000047683715820e-01
9.940000176429748535e-01
9.946666955947875977e-01
9.940000176429748535e-01
9.940000176429748535e-01
9.959999918937683105e-01
9.956666827201843262e-01
9.946666955947875977e-01
9.956666827201843262e-01
9.956666827201843262e-01
9.956666827201843262e-01
9.943333268165588379e-01
9.950000047683715820e-01
9.959999918937683105e-01
9.953333139419555664e-01
9.950000047683715820e-01
9.950000047683715820e-01
9.953333139419555664e-01
9.963333606719970703e-01
9.950000047683715820e-01
9.953333139419555664e-01
9.953333139419555664e-01
9.963333606719970703e-01
9.953333139419555664e-01
9.963333606719970703e-01
9.956666827201843262e-01
9.946666955947875977e-01
9.953333139419555664e-01
9.950000047683715820e-01
9.943333268165588379e-01
9.950000047683715820e-01
9.950000047683715820e-01
9.956666827201843262e-01
9.956666827201843262e-01
9.953333139419555664e-01
9.956666827201843262e-01
9.946666955947875977e-01
9.959999918937683105e-01
9.953333139419555664e-01
9.943333268165588379e-01
9.953333139419555664e-01
9.953333139419555664e-01
9.953333139419555664e-01
9.963333606719970703e-01
9.963333606719970703e-01
9.959999918937683105e-01
9.946666955947875977e-01
9.959999918937683105e-01
9.956666827201843262e-01
9.953333139419555664e-01
9.956666827201843262e-01
9.953333139419555664e-01
9.959999918937683105e-01
9.959999918937683105e-01
9.950000047683715820e-01
9.953333139419555664e-01
9.950000047683715820e-01
9.950000047683715820e-01
9.953333139419555664e-01
9.956666827201843262e-01
9.953333139419555664e-01
9.966666698455810547e-01
9.956666827201843262e-01
9.956666827201843262e-01
9.963333606719970703e-01
9.963333606719970703e-01
9.956666827201843262e-01
9.969999790191650391e-01
9.953333139419555664e-01
9.959999918937683105e-01
9.963333606719970703e-01
9.956666827201843262e-01
9.963333606719970703e-01
9.953333139419555664e-01
9.950000047683715820e-01
9.966666698455810547e-01
9.959999918937683105e-01
9.959999918937683105e-01
9.956666827201843262e-01
9.956666827201843262e-01
9.953333139419555664e-01
9.963333606719970703e-01
9.959999918937683105e-01
9.969999790191650391e-01
9.963333606719970703e-01
9.950000047683715820e-01
9.956666827201843262e-01
9.966666698455810547e-01
9.956666827201843262e-01
9.959999918937683105e-01
9.963333606719970703e-01
9.953333139419555664e-01
9.956666827201843262e-01
9.973333477973937988e-01
9.963333606719970703e-01
9.953333139419555664e-01
9.953333139419555664e-01
9.943333268165588379e-01
9.966666698455810547e-01
9.963333606719970703e-01
9.969999790191650391e-01
9.956666827201843262e-01
9.973333477973937988e-01
9.943333268165588379e-01
9.956666827201843262e-01
9.963333606719970703e-01
9.963333606719970703e-01
9.959999918937683105e-01
9.966666698455810547e-01
9.969999790191650391e-01
9.963333606719970703e-01
9.963333606719970703e-01
9.966666698455810547e-01
9.956666827201843262e-01
9.959999918937683105e-01
9.959999918937683105e-01
9.966666698455810547e-01
9.966666698455810547e-01
9.966666698455810547e-01
9.966666698455810547e-01
9.953333139419555664e-01
9.959999918937683105e-01
9.963333606719970703e-01
9.963333606719970703e-01
9.963333606719970703e-01
9.956666827201843262e-01
9.963333606719970703e-01
9.953333139419555664e-01
9.969999790191650391e-01
9.966666698455810547e-01
9.956666827201843262e-01
9.959999918937683105e-01
9.969999790191650391e-01
9.963333606719970703e-01
9.966666698455810547e-01
9.956666827201843262e-01
9.973333477973937988e-01
9.969999790191650391e-01
9.969999790191650391e-01
9.969999790191650391e-01
9.959999918937683105e-01
9.969999790191650391e-01
9.973333477973937988e-01
9.969999790191650391e-01
9.959999918937683105e-01
9.956666827201843262e-01
9.966666698455810547e-01
9.963333606719970703e-01
9.969999790191650391e-01
9.963333606719970703e-01
9.969999790191650391e-01
9.973333477973937988e-01
9.953333139419555664e-01
9.966666698455810547e-01
9.963333606719970703e-01
9.956666827201843262e-01
9.956666827201843262e-01
9.969999790191650391e-01
9.959999918937683105e-01
9.959999918937683105e-01
9.956666827201843262e-01
9.963333606719970703e-01
9.969999790191650391e-01
9.959999918937683105e-01
9.969999790191650391e-01
9.969999790191650391e-01
9.980000257492065430e-01
9.966666698455810547e-01
9.969999790191650391e-01
9.963333606719970703e-01
9.969999790191650391e-01
9.973333477973937988e-01
9.956666827201843262e-01
9.966666698455810547e-01
9.963333606719970703e-01
9.966666698455810547e-01
9.973333477973937988e-01
9.969999790191650391e-01
9.966666698455810547e-01
9.959999918937683105e-01
9.963333606719970703e-01
9.963333606719970703e-01
9.966666698455810547e-01
9.973333477973937988e-01
9.963333606719970703e-01
9.969999790191650391e-01
9.966666698455810547e-01
9.966666698455810547e-01
9.966666698455810547e-01
9.973333477973937988e-01
9.959999918937683105e-01
9.976666569709777832e-01
9.963333606719970703e-01
9.976666569709777832e-01
9.966666698455810547e-01
9.966666698455810547e-01
9.963333606719970703e-01
9.959999918937683105e-01
9.966666698455810547e-01
9.963333606719970703e-01
9.969999790191650391e-01
9.966666698455810547e-01
9.973333477973937988e-01
9.969999790191650391e-01
9.973333477973937988e-01
9.983333349227905273e-01
9.980000257492065430e-01
9.963333606719970703e-01
9.969999790191650391e-01
9.966666698455810547e-01
9.973333477973937988e-01
9.966666698455810547e-01
9.966666698455810547e-01
9.969999790191650391e-01
9.969999790191650391e-01
9.969999790191650391e-01
9.963333606719970703e-01
9.966666698455810547e-01
9.969999790191650391e-01
9.966666698455810547e-01
9.966666698455810547e-01
9.966666698455810547e-01
9.959999918937683105e-01
9.959999918937683105e-01
9.969999790191650391e-01
9.973333477973937988e-01
9.969999790191650391e-01
9.969999790191650391e-01
9.966666698455810547e-01
9.963333606719970703e-01
9.959999918937683105e-01
9.973333477973937988e-01
9.963333606719970703e-01
9.966666698455810547e-01
9.973333477973937988e-01
9.973333477973937988e-01
9.973333477973937988e-01
9.963333606719970703e-01
9.976666569709777832e-01
9.980000257492065430e-01
9.976666569709777832e-01
9.973333477973937988e-01
9.969999790191650391e-01
9.973333477973937988e-01
9.976666569709777832e-01
9.969999790191650391e-01
9.969999790191650391e-01
9.973333477973937988e-01
9.973333477973937988e-01
9.963333606719970703e-01
9.959999918937683105e-01
9.969999790191650391e-01
9.969999790191650391e-01
9.973333477973937988e-01
9.969999790191650391e-01
9.969999790191650391e-01
9.969999790191650391e-01
9.973333477973937988e-01
9.966666698455810547e-01
9.976666569709777832e-01
9.980000257492065430e-01
9.966666698455810547e-01
9.973333477973937988e-01
9.969999790191650391e-01
9.973333477973937988e-01
9.969999790191650391e-01
9.973333477973937988e-01
9.973333477973937988e-01
9.976666569709777832e-01
9.980000257492065430e-01
9.966666698455810547e-01
9.973333477973937988e-01
9.976666569709777832e-01
9.963333606719970703e-01
9.973333477973937988e-01
9.966666698455810547e-01
9.976666569709777832e-01
9.976666569709777832e-01
9.980000257492065430e-01
9.973333477973937988e-01
9.969999790191650391e-01
9.973333477973937988e-01
9.973333477973937988e-01
9.973333477973937988e-01
9.969999790191650391e-01
9.969999790191650391e-01
9.973333477973937988e-01
9.976666569709777832e-01
9.969999790191650391e-01
9.973333477973937988e-01
9.969999790191650391e-01
9.969999790191650391e-01
9.976666569709777832e-01
9.969999790191650391e-01
9.973333477973937988e-01
9.973333477973937988e-01
9.973333477973937988e-01
9.976666569709777832e-01
9.980000257492065430e-01
9.976666569709777832e-01
9.973333477973937988e-01
9.973333477973937988e-01
9.969999790191650391e-01
9.976666569709777832e-01
9.973333477973937988e-01
9.963333606719970703e-01
9.973333477973937988e-01
9.973333477973937988e-01
9.976666569709777832e-01
9.973333477973937988e-01
9.980000257492065430e-01
9.966666698455810547e-01
9.980000257492065430e-01
9.966666698455810547e-01
9.983333349227905273e-01
9.973333477973937988e-01
9.976666569709777832e-01
9.973333477973937988e-01
9.963333606719970703e-01
9.973333477973937988e-01
9.976666569709777832e-01
9.969999790191650391e-01
9.969999790191650391e-01
9.966666698455810547e-01
9.969999790191650391e-01
9.976666569709777832e-01
9.969999790191650391e-01
9.969999790191650391e-01
9.959999918937683105e-01
9.973333477973937988e-01
9.976666569709777832e-01
9.976666569709777832e-01
9.969999790191650391e-01
9.980000257492065430e-01
9.969999790191650391e-01
9.976666569709777832e-01
9.969999790191650391e-01
9.973333477973937988e-01
9.966666698455810547e-01
9.973333477973937988e-01
9.976666569709777832e-01
9.973333477973937988e-01
9.969999790191650391e-01
9.969999790191650391e-01
9.973333477973937988e-01
9.966666698455810547e-01
9.976666569709777832e-01
9.973333477973937988e-01
9.973333477973937988e-01
9.976666569709777832e-01
9.969999790191650391e-01
9.973333477973937988e-01
9.966666698455810547e-01
9.963333606719970703e-01
9.969999790191650391e-01
9.973333477973937988e-01
9.980000257492065430e-01
9.969999790191650391e-01
9.973333477973937988e-01
9.976666569709777832e-01
9.973333477973937988e-01
9.973333477973937988e-01
9.980000257492065430e-01
9.976666569709777832e-01
9.969999790191650391e-01
9.963333606719970703e-01
9.966666698455810547e-01
9.973333477973937988e-01
9.969999790191650391e-01
9.980000257492065430e-01
9.973333477973937988e-01
9.976666569709777832e-01
9.980000257492065430e-01
9.966666698455810547e-01
9.980000257492065430e-01
9.980000257492065430e-01
9.983333349227905273e-01
9.976666569709777832e-01
9.976666569709777832e-01
9.976666569709777832e-01
9.976666569709777832e-01
9.969999790191650391e-01
9.973333477973937988e-01
9.969999790191650391e-01
9.976666569709777832e-01
9.973333477973937988e-01
9.980000257492065430e-01
9.976666569709777832e-01
9.969999790191650391e-01
9.969999790191650391e-01
9.973333477973937988e-01
9.969999790191650391e-01
9.973333477973937988e-01
9.976666569709777832e-01
9.973333477973937988e-01
9.973333477973937988e-01
9.969999790191650391e-01
9.973333477973937988e-01
9.973333477973937988e-01
9.969999790191650391e-01
9.976666569709777832e-01
9.973333477973937988e-01
9.973333477973937988e-01
9.973333477973937988e-01
9.969999790191650391e-01
9.969999790191650391e-01
9.963333606719970703e-01
9.976666569709777832e-01
9.973333477973937988e-01
9.966666698455810547e-01
9.973333477973937988e-01
9.973333477973937988e-01
9.966666698455810547e-01
9.969999790191650391e-01
9.973333477973937988e-01
9.973333477973937988e-01
9.976666569709777832e-01
9.980000257492065430e-01
9.969999790191650391e-01
9.980000257492065430e-01
9.969999790191650391e-01
9.973333477973937988e-01
9.969999790191650391e-01
9.976666569709777832e-01
9.976666569709777832e-01
9.976666569709777832e-01
9.976666569709777832e-01
9.973333477973937988e-01
9.980000257492065430e-01
9.980000257492065430e-01
9.976666569709777832e-01
9.980000257492065430e-01
9.973333477973937988e-01
9.969999790191650391e-01
9.969999790191650391e-01
9.976666569709777832e-01
9.969999790191650391e-01
9.969999790191650391e-01
9.973333477973937988e-01
9.976666569709777832e-01
9.980000257492065430e-01
9.969999790191650391e-01
9.976666569709777832e-01
9.976666569709777832e-01
9.973333477973937988e-01
9.973333477973937988e-01
9.973333477973937988e-01
9.976666569709777832e-01
9.973333477973937988e-01
9.980000257492065430e-01
9.976666569709777832e-01
9.976666569709777832e-01
9.976666569709777832e-01
9.976666569709777832e-01
9.973333477973937988e-01
9.980000257492065430e-01
9.983333349227905273e-01
9.973333477973937988e-01
9.973333477973937988e-01
9.976666569709777832e-01
9.976666569709777832e-01
9.976666569709777832e-01
9.973333477973937988e-01
9.969999790191650391e-01
9.976666569709777832e-01
9.973333477973937988e-01
9.976666569709777832e-01
9.976666569709777832e-01
9.969999790191650391e-01
9.973333477973937988e-01
9.973333477973937988e-01
9.966666698455810547e-01
9.980000257492065430e-01
9.969999790191650391e-01
9.966666698455810547e-01
9.973333477973937988e-01
9.980000257492065430e-01
9.973333477973937988e-01
9.969999790191650391e-01
9.973333477973937988e-01
9.973333477973937988e-01
9.976666569709777832e-01
9.980000257492065430e-01
9.966666698455810547e-01
9.980000257492065430e-01
9.973333477973937988e-01
9.980000257492065430e-01
9.973333477973937988e-01
9.980000257492065430e-01
9.986666440963745117e-01
9.980000257492065430e-01
9.973333477973937988e-01
9.986666440963745117e-01
9.980000257492065430e-01
9.976666569709777832e-01
9.969999790191650391e-01
9.973333477973937988e-01
9.983333349227905273e-01
9.980000257492065430e-01
9.976666569709777832e-01
9.973333477973937988e-01
9.980000257492065430e-01
9.976666569709777832e-01
9.976666569709777832e-01
9.976666569709777832e-01
9.966666698455810547e-01
9.976666569709777832e-01
9.976666569709777832e-01
9.976666569709777832e-01
9.980000257492065430e-01
9.973333477973937988e-01
9.976666569709777832e-01
9.976666569709777832e-01
9.983333349227905273e-01
9.976666569709777832e-01
9.976666569709777832e-01
9.976666569709777832e-01
9.973333477973937988e-01
9.980000257492065430e-01
9.976666569709777832e-01
9.976666569709777832e-01
9.973333477973937988e-01
9.983333349227905273e-01
9.976666569709777832e-01
9.980000257492065430e-01
9.969999790191650391e-01
9.983333349227905273e-01
9.966666698455810547e-01
9.980000257492065430e-01
9.980000257492065430e-01
9.973333477973937988e-01
9.969999790191650391e-01
9.980000257492065430e-01
9.973333477973937988e-01
9.976666569709777832e-01
9.980000257492065430e-01
9.973333477973937988e-01
9.980000257492065430e-01
9.976666569709777832e-01
9.980000257492065430e-01
9.966666698455810547e-01
9.976666569709777832e-01
9.976666569709777832e-01
9.976666569709777832e-01
9.976666569709777832e-01
9.983333349227905273e-01
9.976666569709777832e-01
9.969999790191650391e-01
9.976666569709777832e-01
9.969999790191650391e-01
9.980000257492065430e-01
9.980000257492065430e-01
9.976666569709777832e-01
9.983333349227905273e-01
9.980000257492065430e-01
9.976666569709777832e-01
9.973333477973937988e-01
9.976666569709777832e-01
9.976666569709777832e-01
9.976666569709777832e-01
9.976666569709777832e-01
9.980000257492065430e-01
9.976666569709777832e-01
9.976666569709777832e-01
9.976666569709777832e-01
9.980000257492065430e-01
9.976666569709777832e-01
9.973333477973937988e-01
9.976666569709777832e-01
9.973333477973937988e-01
9.976666569709777832e-01
9.973333477973937988e-01
9.980000257492065430e-01
9.976666569709777832e-01
9.969999790191650391e-01
9.976666569709777832e-01
9.976666569709777832e-01
9.976666569709777832e-01
9.976666569709777832e-01
9.973333477973937988e-01
9.980000257492065430e-01
9.976666569709777832e-01
9.983333349227905273e-01
9.980000257492065430e-01
9.980000257492065430e-01
9.976666569709777832e-01
9.976666569709777832e-01
9.969999790191650391e-01
9.973333477973937988e-01
9.980000257492065430e-01
9.986666440963745117e-01
9.976666569709777832e-01
9.976666569709777832e-01
9.980000257492065430e-01
9.986666440963745117e-01
9.983333349227905273e-01
9.976666569709777832e-01
9.983333349227905273e-01
9.980000257492065430e-01
9.969999790191650391e-01
