1.063333302736282349e-01
9.799999743700027466e-02
1.106666699051856995e-01
1.123333349823951721e-01
1.596666723489761353e-01
1.480000019073486328e-01
1.739999949932098389e-01
2.023333311080932617e-01
2.626666724681854248e-01
2.293333262205123901e-01
3.210000097751617432e-01
3.336666524410247803e-01
3.689999878406524658e-01
3.716666698455810547e-01
4.053333401679992676e-01
3.893333375453948975e-01
4.329999983310699463e-01
4.313333332538604736e-01
4.539999961853027344e-01
4.693333208560943604e-01
5.170000195503234863e-01
5.370000004768371582e-01
4.486666619777679443e-01
5.433333516120910645e-01
4.939999878406524658e-01
5.933333039283752441e-01
5.693333148956298828e-01
5.933333039283752441e-01
5.573333501815795898e-01
6.010000109672546387e-01
6.056666374206542969e-01
5.929999947547912598e-01
6.166666746139526367e-01
6.460000276565551758e-01
6.146666407585144043e-01
6.456666588783264160e-01
6.726666688919067383e-01
6.813333630561828613e-01
6.833333373069763184e-01
6.936666369438171387e-01
7.390000224113464355e-01
7.710000276565551758e-01
7.436666488647460938e-01
7.643333077430725098e-01
8.016666769981384277e-01
8.036666512489318848e-01
8.246666789054870605e-01
8.460000157356262207e-01
8.360000252723693848e-01
8.289999961853027344e-01
8.059999942779541016e-01
8.603333234786987305e-01
8.553333282470703125e-01
8.833333253860473633e-01
8.653333187103271484e-01
8.899999856948852539e-01
8.859999775886535645e-01
8.833333253860473633e-01
8.826666474342346191e-01
8.833333253860473633e-01
8.956666588783264160e-01
8.813333511352539062e-01
8.793333172798156738e-01
9.006666541099548340e-01
8.909999728202819824e-01
9.006666541099548340e-01
8.996666669845581055e-01
9.049999713897705078e-01
8.996666669845581055e-01
8.986666798591613770e-01
9.043333530426025391e-01
8.939999938011169434e-01
9.013333320617675781e-01
9.039999842643737793e-01
9.086666703224182129e-01
9.056666493415832520e-01
9.110000133514404297e-01
9.110000133514404297e-01
9.066666960716247559e-01
9.136666655540466309e-01
9.100000262260437012e-01
9.096666574478149414e-01
9.123333096504211426e-01
9.156666398048400879e-01
9.113333225250244141e-01
9.129999876022338867e-01
9.206666946411132812e-01
9.146666526794433594e-01
9.100000262260437012e-01
9.190000295639038086e-01
9.166666865348815918e-01
9.146666526794433594e-01
9.176666736602783203e-01
9.190000295639038086e-01
9.166666865348815918e-01
9.183333516120910645e-01
9.223333597183227539e-01
9.213333129882812500e-01
9.240000247955322266e-01
9.233333468437194824e-01
9.226666688919067383e-01
9.186666607856750488e-01
9.243333339691162109e-01
9.256666898727416992e-01
9.263333082199096680e-01
9.229999780654907227e-01
9.223333597183227539e-01
9.219999909400939941e-01
9.223333597183227539e-01
9.213333129882812500e-01
9.259999990463256836e-01
9.266666769981384277e-01
9.279999732971191406e-01
9.256666898727416992e-01
9.290000200271606445e-01
9.266666769981384277e-01
9.259999990463256836e-01
9.276666641235351562e-01
9.243333339691162109e-01
9.309999942779541016e-01
9.253333210945129395e-01
9.319999814033508301e-01
9.266666769981384277e-01
9.300000071525573730e-01
9.283333420753479004e-01
9.326666593551635742e-01
9.303333163261413574e-01
9.279999732971191406e-01
9.306666851043701172e-01
9.293333292007446289e-01
9.346666932106018066e-01
9.340000152587890625e-01
9.356666803359985352e-01
9.309999942779541016e-01
9.336666464805603027e-01
9.296666383743286133e-01
9.316666722297668457e-01
9.346666932106018066e-01
9.340000152587890625e-01
9.353333115577697754e-01
9.333333373069763184e-01
9.346666932106018066e-01
9.393333196640014648e-01
9.359999895095825195e-01
9.376666545867919922e-01
9.366666674613952637e-01
9.403333067893981934e-01
9.330000281333923340e-01
9.380000233650207520e-01
9.369999766349792480e-01
9.409999847412109375e-01
9.386666417121887207e-01
9.403333067893981934e-01
9.430000185966491699e-01
9.419999718666076660e-01
9.423333406448364258e-01
9.443333148956298828e-01
9.406666755676269531e-01
9.423333406448364258e-01
9.403333067893981934e-01
9.419999718666076660e-01
9.423333406448364258e-01
9.449999928474426270e-01
9.430000185966491699e-01
9.436666369438171387e-01
9.493333101272583008e-01
9.493333101272583008e-01
9.430000185966491699e-01
9.463333487510681152e-01
9.473333358764648438e-01
9.490000009536743164e-01
9.509999752044677734e-01
9.453333616256713867e-01
9.470000267028808594e-01
9.493333101272583008e-01
9.473333358764648438e-01
9.503333568572998047e-01
9.486666917800903320e-01
9.506666660308837891e-01
9.490000009536743164e-01
9.509999752044677734e-01
9.530000090599060059e-01
9.526666402816772461e-01
9.546666741371154785e-01
9.539999961853027344e-01
9.513333439826965332e-01
9.533333182334899902e-01
9.496666789054870605e-01
9.513333439826965332e-01
9.536666870117187500e-01
9.563333392143249512e-01
9.553333520889282227e-01
9.523333311080932617e-01
9.576666951179504395e-01
9.576666951179504395e-01
9.593333601951599121e-01
9.553333520889282227e-01
9.593333601951599121e-01
9.576666951179504395e-01
9.610000252723693848e-01
9.593333601951599121e-01
9.603333473205566406e-01
9.613333344459533691e-01
9.599999785423278809e-01
9.603333473205566406e-01
9.623333215713500977e-01
9.599999785423278809e-01
9.643333554267883301e-01
9.623333215713500977e-01
9.620000123977661133e-01
9.626666903495788574e-01
9.613333344459533691e-01
9.646666646003723145e-01
9.653333425521850586e-01
9.633333086967468262e-01
9.649999737739562988e-01
9.660000205039978027e-01
9.656666517257690430e-01
9.666666388511657715e-01
9.670000076293945312e-01
9.689999818801879883e-01
9.673333168029785156e-01
9.666666388511657715e-01
9.686666727066040039e-01
9.703333377838134766e-01
9.710000157356262207e-01
9.689999818801879883e-01
9.660000205039978027e-01
9.700000286102294922e-01
9.710000157356262207e-01
9.689999818801879883e-01
9.703333377838134766e-01
9.706666469573974609e-01
9.733333587646484375e-01
9.716666936874389648e-01
9.700000286102294922e-01
9.743333458900451660e-01
9.723333120346069336e-01
9.739999771118164062e-01
9.753333330154418945e-01
9.703333377838134766e-01
9.736666679382324219e-01
9.723333120346069336e-01
9.763333201408386230e-01
9.760000109672546387e-01
9.753333330154418945e-01
9.739999771118164062e-01
9.766666889190673828e-01
9.746666550636291504e-01
9.766666889190673828e-01
9.760000109672546387e-01
9.763333201408386230e-01
9.776666760444641113e-01
9.769999980926513672e-01
9.783333539962768555e-01
9.763333201408386230e-01
9.779999852180480957e-01
9.786666631698608398e-01
9.779999852180480957e-01
9.779999852180480957e-01
9.779999852180480957e-01
9.806666374206542969e-01
9.783333539962768555e-01
9.800000190734863281e-01
9.779999852180480957e-01
9.789999723434448242e-01
9.796666502952575684e-01
9.810000061988830566e-01
9.779999852180480957e-01
9.823333621025085449e-01
9.806666374206542969e-01
9.793333411216735840e-01
9.816666841506958008e-01
9.823333621025085449e-01
9.810000061988830566e-01
9.826666712760925293e-01
9.810000061988830566e-01
9.836666584014892578e-01
9.829999804496765137e-01
9.840000271797180176e-01
9.843333363533020020e-01
9.846666455268859863e-01
9.833333492279052734e-01
9.829999804496765137e-01
9.853333234786987305e-01
9.836666584014892578e-01
9.853333234786987305e-01
9.843333363533020020e-01
9.840000271797180176e-01
9.850000143051147461e-01
9.853333234786987305e-01
9.863333106040954590e-01
9.856666922569274902e-01
9.836666584014892578e-01
9.856666922569274902e-01
9.873333573341369629e-01
9.863333106040954590e-01
9.863333106040954590e-01
9.850000143051147461e-01
9.856666922569274902e-01
9.866666793823242188e-01
9.863333106040954590e-01
9.876666665077209473e-01
9.856666922569274902e-01
9.866666793823242188e-01
9.876666665077209473e-01
9.863333106040954590e-01
9.879999756813049316e-01
9.883333444595336914e-01
9.869999885559082031e-01
9.883333444595336914e-01
9.893333315849304199e-01
9.869999885559082031e-01
9.886666536331176758e-01
9.893333315849304199e-01
9.876666665077209473e-01
9.890000224113464355e-01
9.876666665077209473e-01
9.883333444595336914e-01
9.903333187103271484e-01
9.896666407585144043e-01
9.893333315849304199e-01
9.900000095367431641e-01
9.886666536331176758e-01
9.900000095367431641e-01
9.903333187103271484e-01
9.903333187103271484e-01
9.896666407585144043e-01
9.900000095367431641e-01
9.896666407585144043e-01
9.906666874885559082e-01
9.909999966621398926e-01
9.926666617393493652e-01
9.909999966621398926e-01
9.919999837875366211e-01
9.913333058357238770e-01
9.900000095367431641e-01
9.893333315849304199e-01
9.906666874885559082e-01
9.896666407585144043e-01
9.916666746139526367e-01
9.916666746139526367e-01
9.906666874885559082e-01
9.913333058357238770e-01
9.906666874885559082e-01
9.913333058357238770e-01
9.913333058357238770e-01
9.916666746139526367e-01
9.893333315849304199e-01
9.906666874885559082e-01
9.923333525657653809e-01
9.913333058357238770e-01
9.916666746139526367e-01
9.923333525657653809e-01
9.903333187103271484e-01
9.919999837875366211e-01
9.923333525657653809e-01
9.906666874885559082e-01
9.909999966621398926e-01
9.913333058357238770e-01
9.923333525657653809e-01
9.926666617393493652e-01
9.916666746139526367e-01
9.929999709129333496e-01
9.929999709129333496e-01
9.916666746139526367e-01
9.933333396911621094e-01
9.919999837875366211e-01
9.933333396911621094e-01
9.916666746139526367e-01
9.933333396911621094e-01
9.923333525657653809e-01
9.926666617393493652e-01
9.926666617393493652e-01
9.916666746139526367e-01
9.943333268165588379e-01
9.926666617393493652e-01
9.940000176429748535e-01
9.929999709129333496e-01
9.926666617393493652e-01
9.933333396911621094e-01
9.936666488647460938e-01
9.923333525657653809e-01
9.933333396911621094e-01
9.933333396911621094e-01
9.926666617393493652e-01
9.933333396911621094e-01
9.936666488647460938e-01
9.916666746139526367e-01
9.940000176429748535e-01
9.929999709129333496e-01
9.933333396911621094e-01
9.936666488647460938e-01
9.936666488647460938e-01
9.933333396911621094e-01
9.946666955947875977e-01
9.946666955947875977e-01
9.943333268165588379e-01
9.929999709129333496e-01
9.943333268165588379e-01
9.933333396911621094e-01
9.933333396911621094e-01
9.936666488647460938e-01
9.936666488647460938e-01
9.943333268165588379e-01
9.936666488647460938e-01
9.943333268165588379e-01
9.936666488647460938e-01
9.936666488647460938e-01
9.929999709129333496e-01
9.933333396911621094e-01
9.959999918937683105e-01
9.940000176429748535e-01
9.940000176429748535e-01
9.936666488647460938e-01
9.950000047683715820e-01
9.950000047683715820e-01
9.946666955947875977e-01
9.940000176429748535e-01
9.936666488647460938e-01
9.946666955947875977e-01
9.950000047683715820e-01
9.940000176429748535e-01
9.943333268165588379e-01
9.946666955947875977e-01
9.936666488647460938e-01
9.950000047683715820e-01
9.950000047683715820e-01
9.946666955947875977e-01
9.950000047683715820e-01
9.940000176429748535e-01
9.950000047683715820e-01
9.943333268165588379e-01
9.933333396911621094e-01
9.953333139419555664e-01
9.936666488647460938e-01
9.946666955947875977e-01
9.950000047683715820e-01
9.943333268165588379e-01
9.933333396911621094e-01
9.953333139419555664e-01
9.943333268165588379e-01
9.950000047683715820e-01
9.950000047683715820e-01
9.940000176429748535e-01
9.940000176429748535e-01
9.940000176429748535e-01
9.956666827201843262e-01
9.943333268165588379e-01
9.950000047683715820e-01
9.950000047683715820e-01
9.956666827201843262e-01
9.950000047683715820e-01
9.953333139419555664e-01
9.950000047683715820e-01
9.946666955947875977e-01
9.953333139419555664e-01
9.953333139419555664e-01
9.946666955947875977e-01
9.943333268165588379e-01
9.953333139419555664e-01
9.950000047683715820e-01
9.946666955947875977e-01
9.943333268165588379e-01
9.950000047683715820e-01
9.936666488647460938e-01
9.953333139419555664e-01
9.936666488647460938e-01
9.950000047683715820e-01
9.950000047683715820e-01
9.953333139419555664e-01
9.950000047683715820e-01
9.946666955947875977e-01
9.956666827201843262e-01
9.956666827201843262e-01
9.953333139419555664e-01
9.963333606719970703e-01
9.956666827201843262e-01
9.953333139419555664e-01
9.959999918937683105e-01
9.956666827201843262e-01
9.959999918937683105e-01
9.943333268165588379e-01
9.959999918937683105e-01
9.956666827201843262e-01
9.959999918937683105e-01
9.953333139419555664e-01
9.959999918937683105e-01
9.956666827201843262e-01
9.956666827201843262e-01
9.953333139419555664e-01
9.959999918937683105e-01
9.959999918937683105e-01
9.969999790191650391e-01
9.959999918937683105e-01
9.959999918937683105e-01
9.966666698455810547e-01
9.953333139419555664e-01
9.953333139419555664e-01
9.966666698455810547e-01
9.963333606719970703e-01
9.943333268165588379e-01
9.956666827201843262e-01
9.959999918937683105e-01
9.959999918937683105e-01
9.963333606719970703e-01
9.959999918937683105e-01
9.959999918937683105e-01
9.959999918937683105e-01
9.963333606719970703e-01
9.956666827201843262e-01
9.956666827201843262e-01
9.956666827201843262e-01
9.956666827201843262e-01
9.966666698455810547e-01
9.950000047683715820e-01
9.963333606719970703e-01
9.969999790191650391e-01
9.959999918937683105e-01
9.966666698455810547e-01
9.959999918937683105e-01
9.950000047683715820e-01
9.959999918937683105e-01
9.959999918937683105e-01
9.963333606719970703e-01
9.963333606719970703e-01
9.966666698455810547e-01
9.953333139419555664e-01
9.966666698455810547e-01
9.956666827201843262e-01
9.953333139419555664e-01
9.966666698455810547e-01
9.973333477973937988e-01
9.963333606719970703e-01
9.950000047683715820e-01
9.959999918937683105e-01
9.959999918937683105e-01
9.959999918937683105e-01
9.969999790191650391e-01
9.956666827201843262e-01
9.959999918937683105e-01
9.950000047683715820e-01
9.966666698455810547e-01
9.963333606719970703e-01
9.963333606719970703e-01
9.966666698455810547e-01
9.959999918937683105e-01
9.966666698455810547e-01
9.963333606719970703e-01
9.963333606719970703e-01
9.963333606719970703e-01
9.973333477973937988e-01
9.963333606719970703e-01
9.963333606719970703e-01
9.963333606719970703e-01
9.963333606719970703e-01
9.966666698455810547e-01
9.956666827201843262e-01
9.966666698455810547e-01
9.963333606719970703e-01
9.969999790191650391e-01
9.959999918937683105e-01
9.966666698455810547e-01
9.959999918937683105e-01
9.963333606719970703e-01
9.966666698455810547e-01
9.969999790191650391e-01
9.980000257492065430e-01
9.966666698455810547e-01
9.966666698455810547e-01
9.966666698455810547e-01
9.969999790191650391e-01
9.966666698455810547e-01
9.963333606719970703e-01
9.966666698455810547e-01
9.976666569709777832e-01
9.963333606719970703e-01
9.959999918937683105e-01
9.976666569709777832e-01
9.969999790191650391e-01
9.963333606719970703e-01
9.969999790191650391e-01
9.959999918937683105e-01
9.963333606719970703e-01
9.969999790191650391e-01
9.976666569709777832e-01
9.963333606719970703e-01
9.963333606719970703e-01
9.953333139419555664e-01
9.966666698455810547e-01
9.973333477973937988e-01
9.969999790191650391e-01
9.969999790191650391e-01
9.969999790191650391e-01
9.969999790191650391e-01
9.966666698455810547e-01
9.966666698455810547e-01
9.973333477973937988e-01
9.953333139419555664e-01
9.969999790191650391e-01
9.956666827201843262e-01
9.973333477973937988e-01
9.966666698455810547e-01
9.969999790191650391e-01
9.976666569709777832e-01
9.973333477973937988e-01
9.973333477973937988e-01
9.973333477973937988e-01
9.969999790191650391e-01
9.966666698455810547e-01
9.976666569709777832e-01
9.969999790191650391e-01
9.966666698455810547e-01
9.963333606719970703e-01
9.966666698455810547e-01
9.976666569709777832e-01
9.966666698455810547e-01
9.976666569709777832e-01
9.980000257492065430e-01
9.973333477973937988e-01
9.966666698455810547e-01
9.969999790191650391e-01
9.966666698455810547e-01
9.959999918937683105e-01
9.973333477973937988e-01
9.969999790191650391e-01
9.973333477973937988e-01
9.976666569709777832e-01
9.966666698455810547e-01
9.973333477973937988e-01
9.976666569709777832e-01
9.980000257492065430e-01
9.980000257492065430e-01
9.973333477973937988e-01
9.959999918937683105e-01
9.980000257492065430e-01
9.973333477973937988e-01
9.976666569709777832e-01
9.980000257492065430e-01
9.973333477973937988e-01
9.973333477973937988e-01
9.973333477973937988e-01
9.980000257492065430e-01
9.976666569709777832e-01
9.966666698455810547e-01
9.980000257492065430e-01
9.969999790191650391e-01
9.966666698455810547e-01
9.980000257492065430e-01
9.969999790191650391e-01
9.973333477973937988e-01
9.969999790191650391e-01
9.980000257492065430e-01
9.969999790191650391e-01
9.966666698455810547e-01
9.976666569709777832e-01
9.969999790191650391e-01
9.980000257492065430e-01
9.966666698455810547e-01
9.969999790191650391e-01
9.980000257492065430e-01
9.969999790191650391e-01
9.976666569709777832e-01
9.973333477973937988e-01
9.973333477973937988e-01
9.973333477973937988e-01
9.976666569709777832e-01
9.986666440963745117e-01
9.976666569709777832e-01
9.959999918937683105e-01
9.983333349227905273e-01
9.973333477973937988e-01
9.969999790191650391e-01
9.969999790191650391e-01
9.980000257492065430e-01
9.973333477973937988e-01
9.969999790191650391e-01
9.980000257492065430e-01
9.976666569709777832e-01
9.976666569709777832e-01
9.973333477973937988e-01
9.983333349227905273e-01
9.973333477973937988e-01
9.973333477973937988e-01
9.969999790191650391e-01
9.976666569709777832e-01
9.983333349227905273e-01
9.980000257492065430e-01
9.973333477973937988e-01
9.976666569709777832e-01
9.973333477973937988e-01
9.969999790191650391e-01
9.976666569709777832e-01
9.976666569709777832e-01
9.976666569709777832e-01
9.969999790191650391e-01
9.976666569709777832e-01
9.983333349227905273e-01
9.976666569709777832e-01
9.980000257492065430e-01
9.980000257492065430e-01
9.966666698455810547e-01
9.973333477973937988e-01
9.980000257492065430e-01
9.983333349227905273e-01
9.976666569709777832e-01
9.976666569709777832e-01
9.976666569709777832e-01
9.973333477973937988e-01
9.980000257492065430e-01
9.969999790191650391e-01
9.986666440963745117e-01
9.973333477973937988e-01
9.973333477973937988e-01
9.973333477973937988e-01
9.969999790191650391e-01
9.969999790191650391e-01
9.980000257492065430e-01
9.976666569709777832e-01
9.983333349227905273e-01
9.980000257492065430e-01
9.983333349227905273e-01
9.983333349227905273e-01
9.969999790191650391e-01
9.973333477973937988e-01
9.983333349227905273e-01
9.969999790191650391e-01
9.966666698455810547e-01
9.973333477973937988e-01
9.973333477973937988e-01
9.976666569709777832e-01
9.980000257492065430e-01
9.976666569709777832e-01
9.976666569709777832e-01
9.980000257492065430e-01
9.980000257492065430e-01
9.983333349227905273e-01
9.983333349227905273e-01
9.980000257492065430e-01
9.980000257492065430e-01
9.969999790191650391e-01
9.976666569709777832e-01
9.969999790191650391e-01
9.969999790191650391e-01
9.976666569709777832e-01
9.976666569709777832e-01
9.983333349227905273e-01
9.980000257492065430e-01
9.980000257492065430e-01
9.986666440963745117e-01
9.973333477973937988e-01
9.980000257492065430e-01
9.980000257492065430e-01
9.969999790191650391e-01
9.980000257492065430e-01
9.990000128746032715e-01
9.983333349227905273e-01
9.973333477973937988e-01
9.976666569709777832e-01
9.980000257492065430e-01
9.976666569709777832e-01
9.986666440963745117e-01
9.973333477973937988e-01
9.976666569709777832e-01
9.976666569709777832e-01
9.973333477973937988e-01
9.973333477973937988e-01
9.973333477973937988e-01
9.986666440963745117e-01
9.966666698455810547e-01
9.980000257492065430e-01
9.983333349227905273e-01
9.980000257492065430e-01
9.986666440963745117e-01
9.976666569709777832e-01
9.980000257492065430e-01
9.980000257492065430e-01
9.976666569709777832e-01
9.976666569709777832e-01
9.980000257492065430e-01
9.976666569709777832e-01
9.969999790191650391e-01
9.969999790191650391e-01
9.980000257492065430e-01
9.983333349227905273e-01
9.973333477973937988e-01
9.973333477973937988e-01
9.983333349227905273e-01
9.973333477973937988e-01
9.980000257492065430e-01
9.976666569709777832e-01
9.980000257492065430e-01
9.980000257492065430e-01
9.976666569709777832e-01
9.976666569709777832e-01
9.980000257492065430e-01
9.980000257492065430e-01
9.976666569709777832e-01
9.976666569709777832e-01
9.976666569709777832e-01
9.969999790191650391e-01
9.983333349227905273e-01
9.973333477973937988e-01
9.969999790191650391e-01
9.983333349227905273e-01
9.980000257492065430e-01
9.983333349227905273e-01
9.976666569709777832e-01
9.980000257492065430e-01
9.976666569709777832e-01
9.980000257492065430e-01
9.976666569709777832e-01
9.990000128746032715e-01
9.980000257492065430e-01
9.976666569709777832e-01
9.976666569709777832e-01
9.976666569709777832e-01
9.980000257492065430e-01
9.976666569709777832e-01
9.980000257492065430e-01
9.980000257492065430e-01
9.993333220481872559e-01
9.980000257492065430e-01
9.983333349227905273e-01
9.983333349227905273e-01
9.976666569709777832e-01
9.980000257492065430e-01
9.976666569709777832e-01
9.983333349227905273e-01
9.986666440963745117e-01
9.986666440963745117e-01
9.983333349227905273e-01
9.983333349227905273e-01
9.973333477973937988e-01
9.976666569709777832e-01
9.983333349227905273e-01
9.976666569709777832e-01
9.983333349227905273e-01
9.976666569709777832e-01
9.976666569709777832e-01
9.976666569709777832e-01
9.973333477973937988e-01
9.986666440963745117e-01
9.983333349227905273e-01
9.980000257492065430e-01
9.983333349227905273e-01
9.973333477973937988e-01
9.976666569709777832e-01
9.983333349227905273e-01
9.983333349227905273e-01
9.983333349227905273e-01
9.976666569709777832e-01
9.980000257492065430e-01
9.980000257492065430e-01
9.986666440963745117e-01
9.980000257492065430e-01
9.980000257492065430e-01
9.976666569709777832e-01
9.980000257492065430e-01
9.973333477973937988e-01
9.976666569709777832e-01
9.980000257492065430e-01
9.973333477973937988e-01
9.973333477973937988e-01
9.980000257492065430e-01
9.983333349227905273e-01
9.969999790191650391e-01
9.969999790191650391e-01
9.983333349227905273e-01
9.980000257492065430e-01
9.973333477973937988e-01
9.983333349227905273e-01
9.983333349227905273e-01
9.980000257492065430e-01
9.986666440963745117e-01
9.980000257492065430e-01
9.973333477973937988e-01
9.976666569709777832e-01
9.973333477973937988e-01
9.976666569709777832e-01
9.980000257492065430e-01
9.980000257492065430e-01
9.980000257492065430e-01
9.993333220481872559e-01
9.990000128746032715e-01
9.980000257492065430e-01
9.976666569709777832e-01
9.980000257492065430e-01
9.990000128746032715e-01
9.983333349227905273e-01
9.980000257492065430e-01
9.983333349227905273e-01
9.980000257492065430e-01
9.980000257492065430e-01
9.976666569709777832e-01
9.976666569709777832e-01
9.976666569709777832e-01
9.983333349227905273e-01
9.986666440963745117e-01
9.980000257492065430e-01
9.976666569709777832e-01
9.990000128746032715e-01
9.980000257492065430e-01
9.976666569709777832e-01
9.983333349227905273e-01
9.983333349227905273e-01
9.986666440963745117e-01
9.976666569709777832e-01
9.980000257492065430e-01
9.983333349227905273e-01
9.980000257492065430e-01
9.973333477973937988e-01
9.986666440963745117e-01
9.980000257492065430e-01
9.973333477973937988e-01
9.980000257492065430e-01
9.980000257492065430e-01
9.990000128746032715e-01
9.980000257492065430e-01
9.973333477973937988e-01
9.976666569709777832e-01
9.983333349227905273e-01
9.980000257492065430e-01
9.980000257492065430e-01
9.990000128746032715e-01
9.986666440963745117e-01
9.973333477973937988e-01
9.980000257492065430e-01
9.980000257492065430e-01
9.983333349227905273e-01
9.983333349227905273e-01
9.983333349227905273e-01
9.983333349227905273e-01
9.990000128746032715e-01
9.983333349227905273e-01
9.983333349227905273e-01
9.983333349227905273e-01
9.983333349227905273e-01
9.983333349227905273e-01
9.980000257492065430e-01
9.983333349227905273e-01
9.980000257492065430e-01
9.980000257492065430e-01
9.976666569709777832e-01
9.973333477973937988e-01
9.986666440963745117e-01
9.980000257492065430e-01
9.983333349227905273e-01
9.980000257492065430e-01
9.980000257492065430e-01
9.983333349227905273e-01
9.986666440963745117e-01
9.980000257492065430e-01
9.986666440963745117e-01
9.980000257492065430e-01
9.980000257492065430e-01
9.990000128746032715e-01
9.983333349227905273e-01
9.986666440963745117e-01
9.990000128746032715e-01
9.976666569709777832e-01
9.973333477973937988e-01
9.993333220481872559e-01
9.976666569709777832e-01
9.983333349227905273e-01
9.980000257492065430e-01
9.980000257492065430e-01
9.980000257492065430e-01
9.980000257492065430e-01
9.986666440963745117e-01
9.980000257492065430e-01
9.983333349227905273e-01
9.986666440963745117e-01
9.983333349227905273e-01
9.980000257492065430e-01
9.986666440963745117e-01
9.986666440963745117e-01
9.980000257492065430e-01
9.986666440963745117e-01
9.986666440963745117e-01
9.986666440963745117e-01
9.983333349227905273e-01
9.986666440963745117e-01
9.983333349227905273e-01
9.976666569709777832e-01
9.983333349227905273e-01
9.986666440963745117e-01
9.980000257492065430e-01
9.986666440963745117e-01
9.986666440963745117e-01
9.980000257492065430e-01
9.980000257492065430e-01
9.983333349227905273e-01
9.986666440963745117e-01
9.980000257492065430e-01
9.983333349227905273e-01
9.980000257492065430e-01
9.976666569709777832e-01
9.983333349227905273e-01
9.980000257492065430e-01
