9.966666996479034424e-02
9.066666662693023682e-02
1.000000014901161194e-01
8.233333379030227661e-02
8.399999886751174927e-02
1.023333296179771423e-01
9.499999880790710449e-02
8.766666799783706665e-02
9.600000083446502686e-02
1.040000021457672119e-01
9.300000220537185669e-02
9.433333575725555420e-02
1.010000035166740417e-01
1.043333336710929871e-01
1.169999986886978149e-01
9.766666591167449951e-02
1.059999987483024597e-01
9.733333438634872437e-02
1.040000021457672119e-01
1.010000035166740417e-01
9.633333235979080200e-02
1.073333323001861572e-01
1.026666685938835144e-01
1.049999967217445374e-01
1.006666645407676697e-01
1.030000001192092896e-01
1.033333316445350647e-01
1.213333308696746826e-01
1.113333329558372498e-01
1.183333322405815125e-01
1.233333349227905273e-01
1.129999980330467224e-01
1.083333343267440796e-01
1.289999932050704956e-01
1.146666631102561951e-01
1.213333308696746826e-01
1.256666630506515503e-01
1.166666671633720398e-01
1.070000007748603821e-01
1.156666651368141174e-01
1.106666699051856995e-01
1.420000046491622925e-01
1.356666684150695801e-01
1.239999979734420776e-01
1.233333349227905273e-01
1.270000040531158447e-01
1.253333389759063721e-01
1.386666595935821533e-01
1.289999932050704956e-01
1.283333301544189453e-01
1.376666724681854248e-01
1.490000039339065552e-01
1.260000020265579224e-01
1.266666650772094727e-01
1.203333362936973572e-01
1.480000019073486328e-01
1.459999978542327881e-01
1.350000053644180298e-01
1.476666629314422607e-01
1.353333294391632080e-01
1.483333259820938110e-01
1.550000011920928955e-01
1.386666595935821533e-01
1.620000004768371582e-01
1.353333294391632080e-01
1.606666594743728638e-01
1.360000073909759521e-01
1.563333272933959961e-01
1.669999957084655762e-01
1.829999983310699463e-01
1.749999970197677612e-01
1.586666703224182129e-01
1.716666668653488159e-01
1.626666635274887085e-01
1.633333265781402588e-01
1.519999951124191284e-01
1.743333339691162109e-01
1.650000065565109253e-01
1.706666648387908936e-01
1.659999936819076538e-01
1.686666607856750488e-01
1.759999990463256836e-01
1.736666709184646606e-01
1.636666655540466309e-01
1.696666628122329712e-01
1.780000030994415283e-01
1.713333278894424438e-01
1.850000023841857910e-01
1.833333373069763184e-01
1.806666702032089233e-01
1.616666615009307861e-01
1.800000071525573730e-01
1.780000030994415283e-01
1.800000071525573730e-01
1.766666620969772339e-01
1.766666620969772339e-01
1.899999976158142090e-01
1.833333373069763184e-01
1.843333393335342407e-01
1.793333292007446289e-01
1.836666613817214966e-01
1.930000036954879761e-01
1.943333297967910767e-01
1.913333386182785034e-01
1.863333284854888916e-01
1.943333297967910767e-01
1.946666687726974487e-01
2.006666660308837891e-01
1.903333365917205811e-01
2.056666612625122070e-01
1.909999996423721313e-01
1.979999989271163940e-01
2.113333344459533691e-01
2.023333311080932617e-01
2.066666632890701294e-01
2.006666660308837891e-01
1.996666640043258667e-01
2.003333270549774170e-01
2.046666592359542847e-01
2.013333290815353394e-01
2.090000063180923462e-01
2.136666625738143921e-01
2.163333296775817871e-01
2.143333405256271362e-01
2.129999995231628418e-01
2.259999960660934448e-01
2.179999947547912598e-01
2.243333309888839722e-01
2.233333289623260498e-01
2.240000069141387939e-01
2.193333357572555542e-01
2.296666651964187622e-01
2.173333317041397095e-01
2.326666712760925293e-01
2.310000061988830566e-01
2.326666712760925293e-01
2.266666740179061890e-01
2.336666733026504517e-01
2.383333295583724976e-01
2.276666611433029175e-01
2.253333330154418945e-01
2.346666604280471802e-01
2.413333356380462646e-01
2.406666725873947144e-01
2.450000047683715820e-01
2.456666678190231323e-01
2.469999939203262329e-01
2.356666624546051025e-01
2.520000040531158447e-01
2.426666617393493652e-01
2.586666643619537354e-01
2.549999952316284180e-01
2.466666698455810547e-01
2.643333375453948975e-01
2.613333463668823242e-01
2.560000121593475342e-01
2.573333382606506348e-01
2.669999897480010986e-01
2.646666765213012695e-01
2.603333294391632080e-01
2.716666758060455322e-01
2.723333239555358887e-01
2.726666629314422607e-01
2.743333280086517334e-01
2.849999964237213135e-01
2.809999883174896240e-01
2.843333184719085693e-01
2.820000052452087402e-01
2.890000045299530029e-01
2.823333442211151123e-01
2.913333475589752197e-01
2.916666567325592041e-01
2.829999923706054688e-01
2.983333468437194824e-01
2.886666655540466309e-01
2.976666688919067383e-01
3.000000119209289551e-01
2.986666560173034668e-01
3.000000119209289551e-01
3.120000064373016357e-01
3.116666674613952637e-01
3.053333461284637451e-01
3.106666803359985352e-01
3.136666715145111084e-01
3.059999942779541016e-01
3.186666667461395264e-01
3.059999942779541016e-01
3.276666700839996338e-01
3.176666796207427979e-01
3.206666707992553711e-01
3.373333215713500977e-01
3.316666781902313232e-01
3.363333344459533691e-01
3.296666741371154785e-01
3.389999866485595703e-01
3.343333303928375244e-01
3.400000035762786865e-01
3.436666727066040039e-01
3.366666734218597412e-01
3.519999980926513672e-01
3.516666591167449951e-01
3.483333289623260498e-01
3.490000069141387939e-01
3.563333451747894287e-01
3.583333194255828857e-01
3.656666576862335205e-01
3.596666753292083740e-01
3.503333330154418945e-01
3.600000143051147461e-01
3.656666576862335205e-01
3.703333437442779541e-01
3.673333227634429932e-01
3.753333389759063721e-01
3.773333430290222168e-01
3.729999959468841553e-01
3.793333470821380615e-01
3.723333477973937988e-01
3.813333213329315186e-01
3.933333456516265869e-01
3.829999864101409912e-01
3.916666805744171143e-01
3.876666724681854248e-01
3.826666772365570068e-01
3.926666676998138428e-01
3.853333294391632080e-01
3.880000114440917969e-01
3.963333368301391602e-01
3.959999978542327881e-01
3.963333368301391602e-01
3.943333327770233154e-01
4.076666533946990967e-01
4.103333353996276855e-01
4.043333232402801514e-01
3.930000066757202148e-01
4.053333401679992676e-01
4.140000045299530029e-01
4.070000052452087402e-01
3.996666669845581055e-01
3.989999890327453613e-01
4.070000052452087402e-01
4.186666607856750488e-01
4.173333346843719482e-01
4.066666662693023682e-01
4.183333218097686768e-01
4.096666574478149414e-01
4.129999876022338867e-01
4.216666519641876221e-01
4.153333306312561035e-01
4.156666696071624756e-01
4.166666567325592041e-01
4.256666600704193115e-01
4.306666553020477295e-01
4.246666729450225830e-01
4.206666648387908936e-01
4.269999861717224121e-01
4.236666560173034668e-01
4.243333339691162109e-01
4.266666769981384277e-01
4.273333251476287842e-01
4.226666688919067383e-01
4.210000038146972656e-01
4.213333427906036377e-01
4.236666560173034668e-01
4.289999902248382568e-01
4.386666715145111084e-01
4.329999983310699463e-01
4.309999942779541016e-01
4.386666715145111084e-01
4.346666634082794189e-01
4.333333373069763184e-01
4.376666545867919922e-01
4.320000112056732178e-01
4.373333454132080078e-01
4.250000119209289551e-01
4.440000057220458984e-01
4.346666634082794189e-01
4.473333358764648438e-01
4.366666674613952637e-01
4.420000016689300537e-01
4.390000104904174805e-01
4.406666755676269531e-01
4.429999887943267822e-01
4.436666667461395264e-01
4.413333237171173096e-01
4.410000145435333252e-01
4.383333325386047363e-01
4.519999921321868896e-01
4.426666796207427979e-01
4.503333270549774170e-01
4.393333196640014648e-01
4.550000131130218506e-01
4.476666748523712158e-01
4.410000145435333252e-01
4.469999969005584717e-01
4.469999969005584717e-01
4.536666572093963623e-01
4.416666626930236816e-01
4.550000131130218506e-01
4.603333473205566406e-01
4.440000057220458984e-01
4.606666564941406250e-01
4.496666789054870605e-01
4.569999873638153076e-01
4.569999873638153076e-01
4.469999969005584717e-01
4.553333222866058350e-01
4.589999914169311523e-01
4.556666612625122070e-01
4.476666748523712158e-01
4.603333473205566406e-01
4.616666734218597412e-01
4.556666612625122070e-01
4.486666619777679443e-01
4.560000002384185791e-01
4.556666612625122070e-01
4.609999954700469971e-01
4.553333222866058350e-01
4.609999954700469971e-01
4.699999988079071045e-01
4.613333344459533691e-01
4.613333344459533691e-01
4.620000123977661133e-01
4.643333256244659424e-01
4.490000009536743164e-01
4.499999880790710449e-01
4.690000116825103760e-01
4.670000076293945312e-01
4.586666524410247803e-01
4.580000042915344238e-01
4.629999995231628418e-01
4.626666605472564697e-01
4.616666734218597412e-01
4.653333425521850586e-01
4.633333384990692139e-01
4.656666815280914307e-01
4.596666693687438965e-01
4.670000076293945312e-01
4.603333473205566406e-01
4.626666605472564697e-01
4.713333249092102051e-01
4.679999947547912598e-01
4.656666815280914307e-01
4.663333296775817871e-01
4.683333337306976318e-01
4.656666815280914307e-01
4.600000083446502686e-01
4.653333425521850586e-01
4.606666564941406250e-01
4.673333466053009033e-01
4.793333411216735840e-01
4.609999954700469971e-01
4.663333296775817871e-01
4.600000083446502686e-01
4.760000109672546387e-01
4.703333377838134766e-01
4.690000116825103760e-01
4.686666727066040039e-01
4.623333215713500977e-01
4.716666638851165771e-01
4.783333241939544678e-01
4.776666760444641113e-01
4.723333418369293213e-01
4.706666767597198486e-01
4.713333249092102051e-01
4.740000069141387939e-01
4.716666638851165771e-01
4.746666550636291504e-01
4.736666679382324219e-01
4.779999852180480957e-01
4.766666591167449951e-01
4.856666624546051025e-01
4.709999859333038330e-01
4.726666808128356934e-01
4.743333458900451660e-01
4.763333201408386230e-01
4.716666638851165771e-01
4.786666631698608398e-01
4.720000028610229492e-01
4.666666686534881592e-01
4.783333241939544678e-01
4.773333370685577393e-01
4.729999899864196777e-01
4.743333458900451660e-01
4.866666793823242188e-01
4.826666712760925293e-01
4.810000061988830566e-01
4.779999852180480957e-01
4.816666543483734131e-01
4.876666665077209473e-01
4.760000109672546387e-01
4.856666624546051025e-01
4.843333363533020020e-01
4.799999892711639404e-01
4.863333404064178467e-01
4.806666672229766846e-01
4.779999852180480957e-01
4.756666719913482666e-01
4.810000061988830566e-01
4.753333330154418945e-01
4.846666753292083740e-01
4.813333451747894287e-01
4.783333241939544678e-01
4.886666536331176758e-01
4.889999926090240479e-01
4.826666712760925293e-01
4.803333282470703125e-01
4.933333396911621094e-01
4.846666753292083740e-01
4.793333411216735840e-01
4.733333289623260498e-01
4.883333444595336914e-01
4.810000061988830566e-01
4.753333330154418945e-01
4.826666712760925293e-01
4.793333411216735840e-01
4.830000102519989014e-01
4.900000095367431641e-01
4.869999885559082031e-01
4.933333396911621094e-01
4.893333315849304199e-01
4.880000054836273193e-01
4.830000102519989014e-01
4.853333234786987305e-01
4.786666631698608398e-01
4.866666793823242188e-01
4.796666800975799561e-01
4.819999933242797852e-01
4.839999973773956299e-01
4.846666753292083740e-01
4.843333363533020020e-01
4.916666746139526367e-01
4.886666536331176758e-01
4.893333315849304199e-01
4.836666584014892578e-01
4.826666712760925293e-01
4.896666705608367920e-01
4.863333404064178467e-01
4.889999926090240479e-01
4.876666665077209473e-01
4.896666705608367920e-01
4.909999966621398926e-01
4.836666584014892578e-01
4.886666536331176758e-01
4.896666705608367920e-01
4.843333363533020020e-01
4.906666576862335205e-01
4.843333363533020020e-01
4.916666746139526367e-01
4.906666576862335205e-01
4.943333268165588379e-01
4.933333396911621094e-01
4.806666672229766846e-01
4.863333404064178467e-01
4.873333275318145752e-01
4.893333315849304199e-01
4.909999966621398926e-01
4.843333363533020020e-01
4.816666543483734131e-01
4.836666584014892578e-01
4.916666746139526367e-01
4.973333477973937988e-01
4.889999926090240479e-01
4.920000135898590088e-01
4.976666569709777832e-01
4.860000014305114746e-01
4.930000007152557373e-01
4.930000007152557373e-01
4.966666698455810547e-01
4.900000095367431641e-01
4.990000128746032715e-01
4.933333396911621094e-01
4.869999885559082031e-01
4.903333187103271484e-01
4.926666617393493652e-01
4.946666657924652100e-01
4.909999966621398926e-01
4.916666746139526367e-01
4.943333268165588379e-01
5.000000000000000000e-01
4.916666746139526367e-01
5.009999871253967285e-01
4.953333437442779541e-01
4.916666746139526367e-01
4.880000054836273193e-01
4.986666738986968994e-01
4.970000088214874268e-01
4.996666610240936279e-01
5.013333559036254883e-01
5.023333430290222168e-01
4.933333396911621094e-01
4.883333444595336914e-01
4.953333437442779541e-01
4.996666610240936279e-01
5.016666650772094727e-01
4.893333315849304199e-01
5.003333091735839844e-01
4.946666657924652100e-01
4.943333268165588379e-01
4.973333477973937988e-01
5.013333559036254883e-01
4.990000128746032715e-01
4.923333227634429932e-01
4.943333268165588379e-01
4.916666746139526367e-01
4.923333227634429932e-01
4.953333437442779541e-01
4.939999878406524658e-01
4.903333187103271484e-01
4.983333349227905273e-01
4.979999959468841553e-01
4.986666738986968994e-01
4.916666746139526367e-01
4.936666786670684814e-01
4.939999878406524658e-01
5.093333125114440918e-01
4.963333308696746826e-01
4.943333268165588379e-01
4.983333349227905273e-01
4.996666610240936279e-01
4.936666786670684814e-01
4.959999918937683105e-01
4.979999959468841553e-01
5.073333382606506348e-01
5.003333091735839844e-01
4.946666657924652100e-01
4.953333437442779541e-01
5.030000209808349609e-01
4.983333349227905273e-01
5.003333091735839844e-01
4.953333437442779541e-01
4.923333227634429932e-01
4.923333227634429932e-01
5.003333091735839844e-01
4.970000088214874268e-01
4.933333396911621094e-01
5.059999823570251465e-01
4.986666738986968994e-01
5.000000000000000000e-01
5.000000000000000000e-01
4.943333268165588379e-01
4.963333308696746826e-01
4.986666738986968994e-01
5.056666731834411621e-01
4.983333349227905273e-01
5.036666393280029297e-01
5.000000000000000000e-01
5.000000000000000000e-01
5.056666731834411621e-01
4.993333220481872559e-01
5.070000290870666504e-01
5.009999871253967285e-01
5.000000000000000000e-01
5.090000033378601074e-01
5.019999742507934570e-01
5.103333592414855957e-01
4.970000088214874268e-01
5.076666474342346191e-01
5.013333559036254883e-01
5.049999952316284180e-01
5.003333091735839844e-01
5.073333382606506348e-01
5.009999871253967285e-01
5.066666603088378906e-01
5.109999775886535645e-01
5.036666393280029297e-01
5.019999742507934570e-01
5.070000290870666504e-01
5.083333253860473633e-01
5.053333044052124023e-01
5.056666731834411621e-01
5.059999823570251465e-01
5.013333559036254883e-01
5.033333301544189453e-01
5.059999823570251465e-01
5.003333091735839844e-01
5.036666393280029297e-01
4.963333308696746826e-01
5.049999952316284180e-01
5.009999871253967285e-01
5.049999952316284180e-01
4.990000128746032715e-01
5.093333125114440918e-01
5.080000162124633789e-01
5.099999904632568359e-01
5.056666731834411621e-01
5.109999775886535645e-01
4.990000128746032715e-01
4.983333349227905273e-01
5.153333544731140137e-01
5.003333091735839844e-01
5.013333559036254883e-01
5.073333382606506348e-01
5.133333206176757812e-01
5.083333253860473633e-01
5.053333044052124023e-01
5.046666860580444336e-01
5.019999742507934570e-01
5.003333091735839844e-01
5.070000290870666504e-01
5.090000033378601074e-01
5.109999775886535645e-01
5.133333206176757812e-01
5.043333172798156738e-01
5.093333125114440918e-01
5.093333125114440918e-01
5.109999775886535645e-01
5.083333253860473633e-01
5.113333463668823242e-01
4.976666569709777832e-01
5.056666731834411621e-01
5.000000000000000000e-01
5.066666603088378906e-01
5.123333334922790527e-01
5.049999952316284180e-01
5.116666555404663086e-01
5.123333334922790527e-01
5.149999856948852539e-01
5.123333334922790527e-01
5.113333463668823242e-01
5.053333044052124023e-01
5.066666603088378906e-01
5.153333544731140137e-01
5.073333382606506348e-01
5.080000162124633789e-01
5.090000033378601074e-01
5.139999985694885254e-01
5.113333463668823242e-01
5.126666426658630371e-01
5.093333125114440918e-01
5.116666555404663086e-01
5.173333287239074707e-01
5.036666393280029297e-01
5.113333463668823242e-01
5.163333415985107422e-01
5.049999952316284180e-01
5.149999856948852539e-01
5.066666603088378906e-01
5.106666684150695801e-01
5.163333415985107422e-01
5.126666426658630371e-01
5.099999904632568359e-01
5.133333206176757812e-01
5.080000162124633789e-01
5.030000209808349609e-01
5.063333511352539062e-01
5.133333206176757812e-01
5.156666636466979980e-01
5.096666812896728516e-01
5.070000290870666504e-01
5.086666941642761230e-01
5.033333301544189453e-01
5.073333382606506348e-01
5.083333253860473633e-01
5.093333125114440918e-01
5.016666650772094727e-01
5.136666893959045410e-01
5.176666378974914551e-01
5.123333334922790527e-01
5.156666636466979980e-01
5.183333158493041992e-01
5.189999938011169434e-01
5.073333382606506348e-01
5.156666636466979980e-01
5.063333511352539062e-01
5.096666812896728516e-01
5.149999856948852539e-01
5.153333544731140137e-01
5.126666426658630371e-01
5.086666941642761230e-01
5.159999728202819824e-01
5.080000162124633789e-01
5.216666460037231445e-01
5.173333287239074707e-01
5.099999904632568359e-01
5.213333368301391602e-01
5.203333497047424316e-01
5.059999823570251465e-01
5.136666893959045410e-01
5.103333592414855957e-01
5.076666474342346191e-01
5.123333334922790527e-01
5.193333625793457031e-01
5.186666846275329590e-01
5.106666684150695801e-01
5.199999809265136719e-01
5.146666765213012695e-01
5.120000243186950684e-01
5.113333463668823242e-01
5.120000243186950684e-01
5.049999952316284180e-01
5.183333158493041992e-01
5.133333206176757812e-01
5.099999904632568359e-01
5.166666507720947266e-01
5.136666893959045410e-01
5.106666684150695801e-01
5.099999904632568359e-01
5.173333287239074707e-01
5.083333253860473633e-01
5.183333158493041992e-01
5.203333497047424316e-01
5.080000162124633789e-01
5.163333415985107422e-01
5.153333544731140137e-01
5.076666474342346191e-01
5.203333497047424316e-01
5.109999775886535645e-01
5.166666507720947266e-01
5.180000066757202148e-01
5.149999856948852539e-01
5.106666684150695801e-01
5.193333625793457031e-01
5.056666731834411621e-01
5.159999728202819824e-01
5.223333239555358887e-01
5.153333544731140137e-01
5.213333368301391602e-01
5.116666555404663086e-01
5.170000195503234863e-01
5.103333592414855957e-01
5.180000066757202148e-01
5.163333415985107422e-01
5.086666941642761230e-01
5.216666460037231445e-01
5.109999775886535645e-01
5.243333578109741211e-01
5.130000114440917969e-01
5.049999952316284180e-01
5.056666731834411621e-01
5.199999809265136719e-01
5.180000066757202148e-01
5.213333368301391602e-01
5.159999728202819824e-01
5.206666588783264160e-01
5.186666846275329590e-01
5.230000019073486328e-01
5.120000243186950684e-01
5.196666717529296875e-01
5.186666846275329590e-01
5.186666846275329590e-01
5.163333415985107422e-01
5.183333158493041992e-01
5.130000114440917969e-01
5.236666798591613770e-01
5.153333544731140137e-01
5.123333334922790527e-01
5.230000019073486328e-01
5.093333125114440918e-01
5.203333497047424316e-01
5.143333077430725098e-01
5.199999809265136719e-01
5.070000290870666504e-01
5.189999938011169434e-01
5.213333368301391602e-01
5.186666846275329590e-01
5.163333415985107422e-01
5.163333415985107422e-01
5.066666603088378906e-01
5.193333625793457031e-01
5.130000114440917969e-01
5.226666927337646484e-01
5.180000066757202148e-01
5.220000147819519043e-01
5.159999728202819824e-01
5.149999856948852539e-01
5.159999728202819824e-01
5.203333497047424316e-01
5.193333625793457031e-01
5.203333497047424316e-01
5.210000276565551758e-01
5.226666927337646484e-01
5.249999761581420898e-01
5.149999856948852539e-01
5.086666941642761230e-01
5.120000243186950684e-01
5.126666426658630371e-01
5.080000162124633789e-01
5.183333158493041992e-01
5.253333449363708496e-01
5.283333063125610352e-01
5.220000147819519043e-01
5.149999856948852539e-01
5.236666798591613770e-01
5.180000066757202148e-01
5.116666555404663086e-01
5.136666893959045410e-01
5.130000114440917969e-01
5.196666717529296875e-01
5.180000066757202148e-01
5.173333287239074707e-01
5.183333158493041992e-01
5.249999761581420898e-01
5.173333287239074707e-01
5.099999904632568359e-01
5.243333578109741211e-01
5.263333320617675781e-01
5.180000066757202148e-01
5.173333287239074707e-01
5.196666717529296875e-01
5.220000147819519043e-01
5.120000243186950684e-01
5.159999728202819824e-01
5.256666541099548340e-01
5.146666765213012695e-01
5.216666460037231445e-01
5.173333287239074707e-01
5.203333497047424316e-01
5.210000276565551758e-01
5.139999985694885254e-01
5.159999728202819824e-01
5.159999728202819824e-01
5.246666669845581055e-01
5.256666541099548340e-01
5.143333077430725098e-01
5.230000019073486328e-01
5.276666879653930664e-01
5.279999971389770508e-01
5.130000114440917969e-01
5.126666426658630371e-01
5.156666636466979980e-01
5.216666460037231445e-01
5.173333287239074707e-01
5.226666927337646484e-01
5.253333449363708496e-01
5.243333578109741211e-01
5.226666927337646484e-01
5.220000147819519043e-01
5.286666750907897949e-01
5.243333578109741211e-01
5.199999809265136719e-01
5.223333239555358887e-01
5.239999890327453613e-01
5.196666717529296875e-01
5.233333110809326172e-01
5.230000019073486328e-01
5.146666765213012695e-01
5.260000228881835938e-01
5.186666846275329590e-01
5.163333415985107422e-01
5.223333239555358887e-01
5.163333415985107422e-01
5.196666717529296875e-01
5.176666378974914551e-01
5.196666717529296875e-01
5.296666622161865234e-01
5.249999761581420898e-01
5.239999890327453613e-01
5.180000066757202148e-01
5.180000066757202148e-01
5.213333368301391602e-01
5.249999761581420898e-01
5.166666507720947266e-01
5.210000276565551758e-01
5.186666846275329590e-01
5.149999856948852539e-01
5.253333449363708496e-01
5.126666426658630371e-01
5.243333578109741211e-01
5.099999904632568359e-01
5.210000276565551758e-01
5.216666460037231445e-01
5.203333497047424316e-01
5.226666927337646484e-01
5.203333497047424316e-01
5.156666636466979980e-01
5.270000100135803223e-01
5.216666460037231445e-01
5.226666927337646484e-01
5.270000100135803223e-01
5.176666378974914551e-01
5.210000276565551758e-01
5.233333110809326172e-01
5.260000228881835938e-01
5.206666588783264160e-01
5.220000147819519043e-01
5.210000276565551758e-01
5.310000181198120117e-01
5.226666927337646484e-01
5.176666378974914551e-01
5.270000100135803223e-01
5.266666412353515625e-01
5.276666879653930664e-01
5.199999809265136719e-01
5.236666798591613770e-01
5.283333063125610352e-01
5.206666588783264160e-01
5.233333110809326172e-01
5.216666460037231445e-01
5.210000276565551758e-01
5.246666669845581055e-01
5.210000276565551758e-01
5.239999890327453613e-01
5.270000100135803223e-01
5.226666927337646484e-01
5.263333320617675781e-01
5.236666798591613770e-01
5.256666541099548340e-01
5.230000019073486328e-01
5.239999890327453613e-01
5.226666927337646484e-01
5.170000195503234863e-01
5.216666460037231445e-01
5.176666378974914551e-01
5.263333320617675781e-01
5.230000019073486328e-01
5.260000228881835938e-01
5.256666541099548340e-01
5.243333578109741211e-01
5.276666879653930664e-01
5.223333239555358887e-01
5.220000147819519043e-01
5.206666588783264160e-01
5.180000066757202148e-01
5.170000195503234863e-01
5.236666798591613770e-01
5.289999842643737793e-01
5.243333578109741211e-01
5.310000181198120117e-01
5.253333449363708496e-01
5.253333449363708496e-01
5.296666622161865234e-01
5.253333449363708496e-01
5.180000066757202148e-01
5.313333272933959961e-01
5.303333401679992676e-01
5.263333320617675781e-01
5.173333287239074707e-01
5.339999794960021973e-01
5.313333272933959961e-01
5.273333191871643066e-01
5.213333368301391602e-01
5.233333110809326172e-01
5.283333063125610352e-01
5.196666717529296875e-01
5.230000019073486328e-01
5.199999809265136719e-01
5.270000100135803223e-01
5.283333063125610352e-01
5.230000019073486328e-01
5.243333578109741211e-01
5.239999890327453613e-01
5.246666669845581055e-01
5.223333239555358887e-01
5.296666622161865234e-01
5.233333110809326172e-01
5.239999890327453613e-01
5.306666493415832520e-01
5.243333578109741211e-01
5.289999842643737793e-01
5.210000276565551758e-01
5.306666493415832520e-01
5.316666960716247559e-01
5.283333063125610352e-01
5.260000228881835938e-01
5.303333401679992676e-01
5.286666750907897949e-01
5.210000276565551758e-01
5.230000019073486328e-01
5.173333287239074707e-01
5.253333449363708496e-01
5.230000019073486328e-01
5.220000147819519043e-01
5.293333530426025391e-01
5.236666798591613770e-01
5.189999938011169434e-01
5.239999890327453613e-01
5.146666765213012695e-01
5.213333368301391602e-01
5.249999761581420898e-01
5.270000100135803223e-01
5.193333625793457031e-01
5.289999842643737793e-01
5.270000100135803223e-01
5.350000262260437012e-01
5.256666541099548340e-01
5.216666460037231445e-01
5.210000276565551758e-01
5.253333449363708496e-01
5.283333063125610352e-01
5.199999809265136719e-01
5.173333287239074707e-01
5.256666541099548340e-01
5.183333158493041992e-01
5.303333401679992676e-01
5.199999809265136719e-01
5.299999713897705078e-01
5.249999761581420898e-01
5.186666846275329590e-01
5.253333449363708496e-01
5.216666460037231445e-01
5.210000276565551758e-01
5.149999856948852539e-01
5.289999842643737793e-01
5.270000100135803223e-01
5.276666879653930664e-01
5.176666378974914551e-01
5.213333368301391602e-01
5.246666669845581055e-01
5.199999809265136719e-01
5.230000019073486328e-01
